0 0.000026
4 0.000141
5 0.000153
3 0.000111
6 0.000124
2 0.000176
1 0.000110
7 0.000118
0 0.000010
0 0.000012
4 0.000012
5 0.000016
3 0.000016
6 0.000014
7 0.000010
2 0.000010
1 0.000013
0 0.000010
4 0.000010
5 0.000012
3 0.000014
6 0.000014
2 0.000011
7 0.000009
0 0.000010
1 0.000012
4 0.000010
5 0.000013
6 0.000014
7 0.000010
3 0.000014
2 0.000011
0 0.000010
1 0.000012
4 0.000010
5 0.000012
7 0.000010
6 0.000014
0 0.000010
2 0.000011
3 0.000014
1 0.000013
4 0.000010
5 0.000012
7 0.000010
0 0.000010
2 0.000011
6 0.000305
3 0.000308
1 0.000014
4 0.000011
5 0.000012
7 0.000010
2 0.000010
6 0.000013
0 0.000010
1 0.000013
3 0.000013
4 0.000010
5 0.000012
7 0.000009
2 0.000010
6 0.000013
0 0.000010
1 0.000024
3 0.000021
4 0.000018
5 0.000012
7 0.000009
2 0.000010
0 0.000010
6 0.000012
1 0.000013
3 0.000013
4 0.000011
7 0.000010
5 0.000012
0 0.000010
2 0.000010
6 0.000013
1 0.000013
3 0.000013
4 0.000010
7 0.000010
5 0.000012
0 0.000010
2 0.000010
6 0.000012
1 0.000013
7 0.000010
4 0.000010
3 0.000013
5 0.000012
0 0.000010
2 0.000009
6 0.000012
1 0.000013
7 0.000009
4 0.000010
3 0.000013
5 0.000012
0 0.000010
2 0.000010
6 0.000012
7 0.000009
1 0.000013
4 0.000010
3 0.000013
5 0.000012
0 0.000009
2 0.000010
6 0.000012
7 0.000009
1 0.000013
4 0.000010
3 0.000012
0 0.000009
5 0.000012
2 0.000009
6 0.000012
7 0.000009
4 0.000010
1 0.000013
0 0.000009
3 0.000013
5 0.000012
2 0.000010
6 0.000012
7 0.000009
4 0.000010
1 0.000013
0 0.000009
3 0.000012
5 0.000012
2 0.000009
7 0.000008
6 0.000012
4 0.000009
0 0.000009
1 0.000013
3 0.000013
5 0.000010
2 0.000009
7 0.000009
6 0.000010
4 0.000009
0 0.000009
1 0.000010
3 0.000011
5 0.000010
2 0.000009
7 0.000009
6 0.000010
4 0.000009
0 0.000010
1 0.000010
3 0.000010
5 0.000010
2 0.000009
7 0.000009
6 0.000010
0 0.000009
4 0.000009
1 0.000010
3 0.000010
5 0.000010
2 0.000009
7 0.000009
6 0.000010
0 0.000009
4 0.000009
1 0.000009
3 0.000010
7 0.000010
5 0.000010
2 0.000009
6 0.000010
0 0.000009
4 0.000008
1 0.000010
3 0.000011
7 0.000010
5 0.000010
2 0.000009
6 0.000010
0 0.000009
4 0.000009
1 0.000010
7 0.000010
3 0.000011
5 0.000010
2 0.000009
0 0.000009
6 0.000010
4 0.000009
1 0.000009
7 0.000009
3 0.000010
5 0.000010
2 0.000009
0 0.000009
6 0.000010
4 0.000009
1 0.000010
7 0.000009
3 0.000010
5 0.000010
2 0.000009
0 0.000009
6 0.000010
4 0.000009
1 0.000010
7 0.000009
3 0.000011
5 0.000010
2 0.000009
0 0.000009
6 0.000009
4 0.000009
1 0.000010
7 0.000009
3 0.000010
5 0.000010
2 0.000009
0 0.000009
6 0.000010
4 0.000009
1 0.000010
7 0.000010
3 0.000011
0 0.000009
2 0.000009
5 0.000010
6 0.000010
4 0.000009
7 0.000009
1 0.000010
3 0.000010
0 0.000010
2 0.000008
5 0.000010
6 0.000010
4 0.000009
7 0.000009
1 0.000009
0 0.000009
3 0.000010
2 0.000014
6 0.000010
5 0.000010
4 0.000009
7 0.000009
1 0.000009
0 0.000009
3 0.000009
2 0.000009
6 0.000010
5 0.000010
7 0.000010
4 0.000009
1 0.000009
0 0.000009
3 0.000010
2 0.000009
6 0.000010
7 0.000009
5 0.000010
4 0.000009
1 0.000010
0 0.000009
3 0.000010
2 0.000009
7 0.000010
6 0.000010
5 0.000010
4 0.000009
1 0.000010
0 0.000009
3 0.000010
2 0.000009
7 0.000009
6 0.000010
5 0.000010
4 0.000009
1 0.000010
0 0.000009
3 0.000010
2 0.000008
7 0.000010
6 0.000010
5 0.000010
4 0.000009
1 0.000010
0 0.000009
3 0.000010
2 0.000009
7 0.000009
6 0.000010
4 0.000009
5 0.000010
0 0.000009
1 0.000010
3 0.000009
2 0.000009
7 0.000009
6 0.000010
4 0.000009
5 0.000010
0 0.000009
1 0.000010
3 0.000010
2 0.000009
7 0.000009
6 0.000010
4 0.000009
5 0.000010
0 0.000009
1 0.000010
3 0.000009
2 0.000009
7 0.000009
6 0.000010
4 0.000009
0 0.000009
5 0.000010
1 0.000010
3 0.000010
2 0.000009
7 0.000009
6 0.000010
4 0.000009
0 0.000009
5 0.000010
1 0.000010
3 0.000010
2 0.000009
7 0.000010
6 0.000010
4 0.000009
0 0.000010
5 0.000017
1 0.000010
3 0.000010
2 0.000009
7 0.000010
4 0.000009
0 0.000009
6 0.000011
5 0.000010
1 0.000010
3 0.000010
7 0.000010
2 0.000009
4 0.000009
0 0.000009
6 0.000011
5 0.000010
1 0.000010
3 0.000010
7 0.000009
2 0.000009
4 0.000009
0 0.000009
6 0.000011
5 0.000010
1 0.000010
3 0.000010
7 0.000009
2 0.000009
0 0.000010
4 0.000009
6 0.000010
5 0.000011
1 0.000010
7 0.000009
3 0.000010
2 0.000009
0 0.000009
4 0.000009
6 0.000011
5 0.000011
1 0.000010
7 0.000010
3 0.000010
2 0.000008
0 0.000009
4 0.000009
6 0.000010
5 0.000010
7 0.000009
1 0.000010
3 0.000010
2 0.000009
0 0.000009
4 0.000008
6 0.000010
5 0.000010
7 0.000009
1 0.000010
3 0.000010
2 0.000009
0 0.000009
4 0.000009
6 0.000010
7 0.000009
5 0.000010
1 0.000011
3 0.000010
2 0.000008
0 0.000009
4 0.000009
7 0.000009
6 0.000010
5 0.000010
1 0.000010
2 0.000009
3 0.000010
0 0.000009
4 0.000008
7 0.000009
6 0.000010
5 0.000010
1 0.000010
2 0.000009
3 0.000010
0 0.000009
4 0.000009
7 0.000009
6 0.000010
5 0.000010
1 0.000010
2 0.000009
3 0.000015
0 0.000019
7 0.000010
4 0.000009
6 0.000010
5 0.000011
2 0.000009
0 0.000009
3 0.000010
1 0.000011
7 0.000009
4 0.000009
6 0.000010
5 0.000010
0 0.000010
2 0.000009
3 0.000010
1 0.000010
7 0.000009
4 0.000009
6 0.000010
5 0.000010
0 0.000009
2 0.000009
3 0.000010
1 0.000010
7 0.000009
4 0.000009
6 0.000009
0 0.000010
5 0.000011
2 0.000009
3 0.000010
1 0.000010
7 0.000009
4 0.000009
6 0.000010
0 0.000009
5 0.000010
2 0.000009
3 0.000010
1 0.000010
7 0.000009
4 0.000009
6 0.000009
0 0.000009
5 0.000010
2 0.000009
7 0.000009
1 0.000010
3 0.000010
4 0.000008
6 0.000010
0 0.000009
5 0.000010
2 0.000009
7 0.000009
1 0.000010
3 0.000010
4 0.000009
6 0.000010
0 0.000009
5 0.000010
2 0.000009
7 0.000009
1 0.000010
3 0.000010
4 0.000009
6 0.000010
0 0.000009
5 0.000010
2 0.000009
7 0.000009
1 0.000010
3 0.000010
4 0.000009
6 0.000010
0 0.000009
5 0.000010
2 0.000009
7 0.000009
1 0.000010
3 0.000009
4 0.000008
6 0.000010
0 0.000009
5 0.000010
7 0.000009
2 0.000009
1 0.000010
3 0.000010
4 0.000009
0 0.000009
6 0.000010
5 0.000010
7 0.000009
2 0.000009
1 0.000010
3 0.000010
4 0.000009
0 0.000009
6 0.000010
7 0.000009
2 0.000009
5 0.000010
1 0.000010
3 0.000010
4 0.000009
0 0.000008
6 0.000010
7 0.000010
2 0.000009
5 0.000010
1 0.000010
3 0.000010
4 0.000009
0 0.000009
6 0.000010
7 0.000010
2 0.000009
5 0.000010
1 0.000010
3 0.000010
4 0.000009
0 0.000008
6 0.000009
7 0.000009
2 0.000009
5 0.000010
1 0.000010
0 0.000009
4 0.000009
3 0.000010
6 0.000010
7 0.000009
2 0.000009
5 0.000010
1 0.000010
0 0.000009
4 0.000009
3 0.000010
6 0.000010
7 0.000009
2 0.000008
5 0.000010
1 0.000010
0 0.000008
4 0.000009
3 0.000010
7 0.000009
6 0.000010
2 0.000009
5 0.000010
1 0.000010
0 0.000008
4 0.000009
3 0.000010
7 0.000009
6 0.000010
2 0.000009
5 0.000010
0 0.000009
1 0.000010
4 0.000009
3 0.000010
7 0.000009
6 0.000009
2 0.000009
5 0.000010
0 0.000008
1 0.000010
4 0.000008
7 0.000009
3 0.000010
6 0.000010
2 0.000009
5 0.000010
0 0.000009
1 0.000010
4 0.000009
7 0.000009
6 0.000010
3 0.000011
2 0.000009
0 0.000008
5 0.000010
1 0.000010
4 0.000008
7 0.000010
6 0.000010
2 0.000009
3 0.000010
0 0.000008
5 0.000010
1 0.000010
4 0.000009
7 0.000009
6 0.000010
2 0.000009
0 0.000008
3 0.000010
5 0.000010
1 0.000010
4 0.000009
7 0.000010
6 0.000010
2 0.000009
0 0.000009
3 0.000009
5 0.000010
1 0.000010
7 0.000009
4 0.000009
6 0.000010
2 0.000009
0 0.000008
3 0.000010
5 0.000010
7 0.000009
4 0.000009
1 0.000010
6 0.000010
0 0.000008
2 0.000009
3 0.000010
5 0.000010
7 0.000012
1 0.000010
4 0.000009
6 0.000010
0 0.000008
2 0.000009
3 0.000010
5 0.000010
7 0.000012
4 0.000009
1 0.000010
0 0.000008
6 0.000010
2 0.000009
3 0.000010
5 0.000010
4 0.000009
7 0.000012
1 0.000011
0 0.000008
6 0.000010
2 0.000009
3 0.000010
5 0.000010
4 0.000008
0 0.000009
1 0.000011
7 0.000012
6 0.000010
2 0.000010
3 0.000010
5 0.000010
4 0.000008
0 0.000008
1 0.000010
6 0.000010
7 0.000012
2 0.000010
3 0.000010
5 0.000010
4 0.000008
0 0.000008
1 0.000010
6 0.000009
7 0.000012
2 0.000010
3 0.000009
4 0.000008
5 0.000010
0 0.000015
1 0.000010
6 0.000010
7 0.000012
4 0.000009
3 0.000008
2 0.000010
0 0.000008
5 0.000009
1 0.000010
6 0.000009
7 0.000012
4 0.000008
3 0.000009
0 0.000008
2 0.000010
5 0.000010
1 0.000010
6 0.000010
4 0.000008
7 0.000012
0 0.000008
3 0.000008
2 0.000010
5 0.000010
1 0.000010
6 0.000009
4 0.000008
0 0.000009
7 0.000012
3 0.000009
2 0.000009
5 0.000010
1 0.000010
6 0.000010
4 0.000008
0 0.000008
7 0.000012
3 0.000008
5 0.000010
2 0.000010
1 0.000010
4 0.000008
6 0.000009
0 0.000008
7 0.000011
5 0.000011
3 0.000009
1 0.000010
2 0.000010
4 0.000008
6 0.000010
0 0.000026
7 0.000011
3 0.000010
5 0.000012
4 0.000008
2 0.000010
6 0.000010
1 0.000011
7 0.000011
3 0.000009
4 0.000009
5 0.000011
2 0.000011
0 0.000014
6 0.000010
7 0.000011
1 0.000015
4 0.000008
3 0.000009
5 0.000010
2 0.000011
6 0.000009
0 0.000017
4 0.000011
3 0.000009
7 0.000025
5 0.000011
2 0.000010
6 0.000011
1 0.000016
3 0.000013
7 0.000014
4 0.000044
5 0.000012
2 0.000013
6 0.000011
0 0.000018
1 0.000016
3 0.000009
7 0.000011
5 0.000010
2 0.000011
6 0.000010
4 0.000011
7 0.000013
3 0.000009
0 0.000018
5 0.000011
1 0.000016
4 0.000010
7 0.000011
3 0.000008
0 0.000016
4 0.000011
7 0.000010
1 0.000016
4 0.000012
7 0.000011
0 0.000018
1 0.000016
4 0.000010
7 0.000010
0 0.000017
4 0.000012
7 0.000011
4 0.000012
7 0.000011
0 0.000009
7 0.000010
4 0.000011
0 0.000009
7 0.000010
4 0.000011
0 0.000009
7 0.000011
4 0.000010
0 0.000009
7 0.000011
4 0.000011
0 0.000009
7 0.000010
4 0.000011
0 0.000009
7 0.000010
4 0.000011
0 0.000009
7 0.000010
4 0.000011
0 0.000009
7 0.000009
4 0.000011
0 0.000010
7 0.000009
4 0.000010
0 0.000009
7 0.000010
4 0.000009
0 0.000010
7 0.000009
4 0.000010
0 0.000011
7 0.000009
4 0.000009
0 0.000011
7 0.000009
4 0.000010
0 0.000011
7 0.000009
0 0.000011
4 0.000010
7 0.000010
0 0.000010
4 0.000009
7 0.000009
0 0.000010
4 0.000009
7 0.000010
0 0.000010
4 0.000009
7 0.000009
0 0.000010
4 0.000009
7 0.000010
0 0.000009
4 0.000009
7 0.000010
0 0.000010
4 0.000009
7 0.000010
0 0.000009
4 0.000009
7 0.000010
0 0.000010
4 0.000010
7 0.000010
0 0.000009
7 0.000010
4 0.000010
0 0.000010
7 0.000010
4 0.000009
0 0.000009
7 0.000010
4 0.000009
0 0.000010
7 0.000010
4 0.000009
0 0.000009
7 0.000010
4 0.000009
0 0.000010
7 0.000010
4 0.000010
0 0.000010
7 0.000010
4 0.000009
0 0.000010
7 0.000010
4 0.000010
0 0.000011
7 0.000009
0 0.000011
4 0.000010
7 0.000009
0 0.000010
4 0.000009
7 0.000009
0 0.000010
4 0.000009
7 0.000009
0 0.000010
7 0.000009
0 0.000010
7 0.000009
0 0.000010
7 0.000009
0 0.000010
7 0.000009
0 0.000010
7 0.000009
0 0.000010
7 0.000009
0 0.000010
7 0.000009
0 0.000009
7 0.000009
0 0.000010
7 0.000009
0 0.000009
7 0.000009
0 0.000009
7 0.000009
0 0.000010
7 0.000009
0 0.000009
7 0.000009
0 0.000009
7 0.000009
0 0.000009
7 0.000009
0 0.000009
7 0.000010
0 0.000009
7 0.000009
0 0.000010
7 0.000009
0 0.000009
7 0.000010
0 0.000010
7 0.000009
0 0.000009
7 0.000009
0 0.000009
7 0.000010
0 0.000010
7 0.000009
0 0.000009
7 0.000009
0 0.000009
7 0.000009
0 0.000010
7 0.000009
0 0.000009
7 0.000009
0 0.000009
7 0.000009
0 0.000009
7 0.000010
0 0.000009
7 0.000010
0 0.000009
7 0.000009
0 0.000009
7 0.000010
0 0.000009
7 0.000010
0 0.000009
7 0.000009
0 0.000009
7 0.000009
0 0.000009
7 0.000010
0 0.000009
7 0.000010
0 0.000009
7 0.000010
0 0.000009
7 0.000010
0 0.000010
7 0.000010
0 0.000010
7 0.000008
0 0.000009
7 0.000008
0 0.000008
7 0.000008
0 0.000008
7 0.000008
0 0.000008
7 0.000008
0 0.000008
7 0.000008
0 0.000008
7 0.000008
0 0.000008
7 0.000009
0 0.000008
7 0.000009
0 0.000009
0 0.000008
7 0.000008
0 0.000008
7 0.000008
0 0.000008
7 0.000008
0 0.000011
7 0.000008
0 0.000008
7 0.000008
0 0.000008
7 0.000008
0 0.000008
