0 0.000013
5 0.000078
0 0.000014
1 0.000084
2 0.000082
6 0.000085
4 0.000087
5 0.000016
3 0.000087
0 0.000011
1 0.000016
2 0.000016
6 0.000016
5 0.000016
4 0.000018
3 0.000018
0 0.000012
1 0.000016
2 0.000016
6 0.000016
5 0.000015
0 0.000012
4 0.000018
3 0.000017
2 0.000016
5 0.000017
6 0.000016
0 0.000012
4 0.000018
3 0.000017
2 0.000016
7 0.000064
6 0.000017
0 0.000012
5 0.000017
4 0.000018
3 0.000019
2 0.000015
0 0.000012
6 0.000017
7 0.000017
5 0.000016
4 0.000019
3 0.000019
2 0.000016
0 0.000012
6 0.000016
7 0.000017
5 0.000016
4 0.000019
3 0.000019
2 0.000016
0 0.000012
7 0.000016
6 0.000017
5 0.000016
4 0.000019
3 0.000019
2 0.000016
0 0.000012
5 0.000017
1 0.000016
4 0.000018
6 0.000019
3 0.000018
0 0.000011
2 0.000016
5 0.000016
1 0.000016
4 0.000017
6 0.000017
0 0.000011
3 0.000018
2 0.000017
5 0.000015
1 0.000016
4 0.000017
6 0.000018
0 0.000012
3 0.000018
2 0.000016
5 0.000015
1 0.000015
0 0.000012
4 0.000017
6 0.000018
3 0.000018
2 0.000016
5 0.000015
0 0.000012
4 0.000017
1 0.000015
3 0.000019
2 0.000016
6 0.000018
5 0.000016
0 0.000011
4 0.000016
2 0.000016
1 0.000018
6 0.000018
3 0.000017
5 0.000016
0 0.000011
4 0.000015
2 0.000015
6 0.000018
1 0.000017
3 0.000018
5 0.000016
0 0.000011
4 0.000016
2 0.000015
6 0.000017
7 0.000415
5 0.000016
3 0.000017
0 0.000012
4 0.000016
2 0.000015
5 0.000015
7 0.000018
0 0.000012
3 0.000017
6 0.000018
4 0.000016
2 0.000015
5 0.000015
0 0.000012
3 0.000017
7 0.000017
6 0.000018
4 0.000015
2 0.000015
5 0.000015
0 0.000012
3 0.000017
6 0.000024
7 0.000024
4 0.000016
2 0.000016
5 0.000016
0 0.000012
3 0.000016
6 0.000018
7 0.000017
4 0.000016
2 0.000015
0 0.000012
5 0.000016
3 0.000016
6 0.000017
7 0.000017
2 0.000016
4 0.000017
0 0.000012
5 0.000016
3 0.000016
6 0.000017
7 0.000018
2 0.000016
4 0.000017
0 0.000012
5 0.000016
3 0.000016
6 0.000017
7 0.000018
2 0.000016
4 0.000017
0 0.000012
5 0.000016
3 0.000016
6 0.000017
7 0.000018
2 0.000016
4 0.000016
0 0.000012
5 0.000016
3 0.000016
6 0.000016
2 0.000016
7 0.000018
0 0.000012
4 0.000017
5 0.000016
3 0.000016
6 0.000017
2 0.000016
7 0.000016
0 0.000012
4 0.000017
5 0.000016
3 0.000016
6 0.000016
2 0.000015
0 0.000012
7 0.000016
4 0.000016
5 0.000016
3 0.000016
6 0.000017
2 0.000016
0 0.000012
7 0.000016
4 0.000016
5 0.000016
3 0.000016
6 0.000017
0 0.000012
2 0.000016
7 0.000016
4 0.000016
5 0.000015
3 0.000016
6 0.000017
0 0.000012
2 0.000016
7 0.000023
4 0.000017
5 0.000016
3 0.000016
6 0.000017
0 0.000012
2 0.000016
7 0.000014
4 0.000017
5 0.000016
3 0.000016
0 0.000011
6 0.000016
2 0.000016
7 0.000015
4 0.000017
5 0.000015
0 0.000012
3 0.000016
6 0.000016
2 0.000016
7 0.000015
4 0.000016
5 0.000016
0 0.000012
3 0.000015
6 0.000017
2 0.000017
7 0.000016
4 0.000016
5 0.000016
0 0.000012
3 0.000016
2 0.000015
1 0.000017
7 0.000017
4 0.000016
5 0.000015
0 0.000012
3 0.000015
2 0.000015
1 0.000017
7 0.000016
4 0.000016
5 0.000015
0 0.000012
3 0.000015
2 0.000015
1 0.000016
7 0.000017
4 0.000016
0 0.000012
5 0.000015
3 0.000015
2 0.000015
1 0.000017
7 0.000017
4 0.000016
0 0.000012
5 0.000016
3 0.000015
2 0.000015
7 0.000017
1 0.000016
0 0.000011
4 0.000017
5 0.000016
3 0.000016
2 0.000015
7 0.000016
1 0.000017
0 0.000012
4 0.000017
5 0.000016
3 0.000015
2 0.000015
0 0.000012
1 0.000017
7 0.000016
4 0.000024
6 0.000016
5 0.000023
3 0.000017
2 0.000015
0 0.000012
7 0.000016
4 0.000017
5 0.000016
6 0.000018
3 0.000017
2 0.000016
0 0.000012
7 0.000016
4 0.000016
6 0.000018
5 0.000016
3 0.000018
2 0.000016
0 0.000012
7 0.000016
4 0.000016
6 0.000018
5 0.000016
3 0.000018
2 0.000016
0 0.000011
7 0.000015
4 0.000016
5 0.000016
6 0.000017
3 0.000018
2 0.000016
0 0.000012
7 0.000015
4 0.000017
5 0.000015
6 0.000017
3 0.000018
2 0.000017
0 0.000011
7 0.000015
4 0.000017
5 0.000016
6 0.000018
2 0.000016
3 0.000018
0 0.000012
7 0.000015
5 0.000016
6 0.000017
4 0.000016
0 0.000012
2 0.000017
3 0.000018
7 0.000016
5 0.000016
6 0.000016
0 0.000012
4 0.000018
2 0.000017
3 0.000018
7 0.000015
5 0.000015
0 0.000012
6 0.000016
2 0.000017
3 0.000018
4 0.000018
7 0.000015
5 0.000015
0 0.000012
6 0.000016
2 0.000016
3 0.000016
4 0.000017
7 0.000015
5 0.000015
6 0.000016
2 0.000024
3 0.000017
4 0.000020
0 0.000012
7 0.000016
5 0.000016
2 0.000017
6 0.000017
3 0.000017
4 0.000019
0 0.000012
7 0.000016
5 0.000017
2 0.000018
6 0.000017
1 0.000084
3 0.000017
4 0.000018
0 0.000013
7 0.000015
5 0.000015
2 0.000016
6 0.000016
1 0.000015
4 0.000018
3 0.000018
0 0.000012
7 0.000015
5 0.000015
2 0.000016
6 0.000016
1 0.000015
4 0.000017
0 0.000013
3 0.000017
7 0.000016
5 0.000015
2 0.000016
6 0.000015
1 0.000015
0 0.000013
4 0.000018
3 0.000017
7 0.000017
5 0.000015
2 0.000015
6 0.000015
1 0.000016
0 0.000012
4 0.000017
3 0.000017
7 0.000017
5 0.000016
2 0.000016
6 0.000015
0 0.000013
1 0.000017
4 0.000017
3 0.000017
7 0.000017
5 0.000015
2 0.000015
6 0.000015
0 0.000012
1 0.000016
4 0.000017
3 0.000017
7 0.000016
5 0.000016
2 0.000015
0 0.000011
6 0.000016
1 0.000016
4 0.000016
3 0.000017
7 0.000016
5 0.000016
2 0.000016
0 0.000012
6 0.000016
1 0.000016
4 0.000016
3 0.000017
7 0.000016
5 0.000016
2 0.000016
0 0.000012
6 0.000016
1 0.000015
4 0.000022
3 0.000017
7 0.000017
5 0.000016
2 0.000017
0 0.000012
6 0.000016
1 0.000015
4 0.000016
3 0.000018
7 0.000016
5 0.000016
2 0.000017
0 0.000012
6 0.000016
1 0.000014
4 0.000016
3 0.000018
7 0.000016
5 0.000015
0 0.000012
2 0.000016
6 0.000015
1 0.000014
4 0.000015
3 0.000018
7 0.000016
5 0.000016
0 0.000012
2 0.000017
6 0.000016
1 0.000015
4 0.000016
3 0.000017
7 0.000016
5 0.000016
0 0.000012
2 0.000017
6 0.000015
1 0.000014
4 0.000015
3 0.000016
7 0.000016
5 0.000016
0 0.000012
2 0.000017
6 0.000015
1 0.000014
4 0.000015
3 0.000017
7 0.000016
0 0.000012
5 0.000016
2 0.000017
1 0.000012
6 0.000015
4 0.000015
3 0.000017
0 0.000012
5 0.000017
7 0.000016
2 0.000018
1 0.000012
6 0.000016
4 0.000015
3 0.000016
0 0.000012
5 0.000016
7 0.000016
2 0.000017
1 0.000012
6 0.000016
4 0.000015
3 0.000015
0 0.000012
5 0.000016
7 0.000016
1 0.000012
2 0.000016
6 0.000016
4 0.000016
0 0.000012
3 0.000016
5 0.000016
7 0.000016
1 0.000012
2 0.000015
6 0.000016
4 0.000017
0 0.000012
3 0.000016
5 0.000022
7 0.000016
1 0.000012
2 0.000016
4 0.000016
6 0.000016
0 0.000012
3 0.000017
5 0.000016
1 0.000012
7 0.000016
2 0.000015
4 0.000016
6 0.000016
0 0.000011
3 0.000017
5 0.000016
1 0.000012
7 0.000014
2 0.000016
4 0.000016
6 0.000016
0 0.000011
3 0.000016
5 0.000017
1 0.000011
7 0.000014
2 0.000015
4 0.000016
6 0.000016
0 0.000018
3 0.000016
1 0.000013
5 0.000017
7 0.000016
2 0.000016
4 0.000016
6 0.000016
0 0.000019
3 0.000016
1 0.000013
5 0.000017
7 0.000015
2 0.000016
4 0.000016
6 0.000016
0 0.000019
1 0.000012
3 0.000017
5 0.000016
7 0.000016
2 0.000016
4 0.000016
6 0.000017
1 0.000012
0 0.000019
3 0.000016
5 0.000017
7 0.000017
2 0.000017
4 0.000016
6 0.000016
1 0.000012
3 0.000015
0 0.000019
5 0.000019
7 0.000016
2 0.000013
4 0.000017
6 0.000017
1 0.000011
3 0.000015
0 0.000019
7 0.000016
5 0.000021
2 0.000013
1 0.000011
4 0.000016
6 0.000016
3 0.000015
0 0.000018
7 0.000016
5 0.000020
2 0.000013
1 0.000011
4 0.000019
6 0.000017
3 0.000018
7 0.000020
0 0.000026
2 0.000019
5 0.000029
1 0.000012
4 0.000019
6 0.000017
3 0.000019
7 0.000015
2 0.000012
0 0.000018
5 0.000020
1 0.000013
4 0.000018
6 0.000016
3 0.000019
7 0.000016
2 0.000012
0 0.000019
1 0.000013
5 0.000020
4 0.000018
6 0.000016
3 0.000018
7 0.000016
2 0.000012
1 0.000013
0 0.000020
5 0.000019
4 0.000018
6 0.000016
3 0.000018
2 0.000012
7 0.000016
1 0.000012
0 0.000020
5 0.000019
4 0.000018
6 0.000016
3 0.000019
2 0.000012
7 0.000016
1 0.000011
0 0.000019
5 0.000019
4 0.000018
6 0.000016
2 0.000012
3 0.000019
7 0.000016
1 0.000011
0 0.000019
5 0.000019
4 0.000019
6 0.000019
2 0.000012
3 0.000019
1 0.000011
7 0.000016
0 0.000019
5 0.000019
4 0.000018
6 0.000020
2 0.000017
1 0.000012
3 0.000020
7 0.000016
5 0.000018
4 0.000018
0 0.000011
2 0.000012
6 0.000019
1 0.000012
3 0.000019
7 0.000017
0 0.000011
5 0.000018
2 0.000012
4 0.000018
1 0.000012
6 0.000019
3 0.000020
7 0.000017
0 0.000011
2 0.000012
5 0.000022
4 0.000020
1 0.000014
6 0.000021
3 0.000022
7 0.000022
0 0.000020
1 0.000012
5 0.000018
4 0.000018
6 0.000022
3 0.000023
7 0.000023
0 0.000012
2 0.000069
1 0.000012
4 0.000019
6 0.000021
3 0.000021
7 0.000022
0 0.000012
2 0.000017
5 0.000057
1 0.000012
4 0.000020
6 0.000020
3 0.000020
7 0.000020
0 0.000011
2 0.000016
5 0.000016
1 0.000012
6 0.000018
7 0.000019
0 0.000011
2 0.000016
5 0.000016
1 0.000012
6 0.000018
0 0.000011
7 0.000019
2 0.000016
5 0.000016
1 0.000011
0 0.000012
6 0.000018
7 0.000019
2 0.000016
1 0.000010
5 0.000017
0 0.000011
6 0.000018
7 0.000020
1 0.000010
2 0.000015
5 0.000017
0 0.000012
6 0.000018
1 0.000011
7 0.000019
2 0.000016
5 0.000017
0 0.000011
6 0.000018
1 0.000012
7 0.000019
2 0.000016
5 0.000017
0 0.000012
1 0.000011
6 0.000018
7 0.000018
2 0.000016
5 0.000016
0 0.000012
1 0.000011
2 0.000015
5 0.000016
7 0.000018
0 0.000012
1 0.000012
2 0.000016
5 0.000017
7 0.000018
0 0.000012
1 0.000012
2 0.000016
5 0.000016
7 0.000018
0 0.000012
1 0.000012
2 0.000016
5 0.000017
0 0.000012
7 0.000018
1 0.000011
2 0.000014
0 0.000012
5 0.000017
1 0.000012
2 0.000015
0 0.000011
5 0.000017
1 0.000011
0 0.000012
2 0.000015
5 0.000016
1 0.000012
0 0.000012
2 0.000016
1 0.000012
5 0.000016
0 0.000011
2 0.000015
1 0.000011
5 0.000016
0 0.000011
2 0.000016
1 0.000011
5 0.000017
0 0.000012
2 0.000015
1 0.000011
5 0.000016
0 0.000012
1 0.000011
2 0.000014
5 0.000016
0 0.000017
1 0.000012
2 0.000016
5 0.000016
0 0.000012
1 0.000012
2 0.000015
5 0.000016
0 0.000011
1 0.000012
2 0.000016
5 0.000016
0 0.000012
1 0.000013
2 0.000016
5 0.000016
0 0.000012
1 0.000012
2 0.000016
5 0.000016
0 0.000012
1 0.000012
2 0.000016
5 0.000019
0 0.000013
1 0.000013
2 0.000016
5 0.000019
0 0.000013
1 0.000013
2 0.000015
5 0.000019
1 0.000013
0 0.000014
2 0.000014
5 0.000018
1 0.000013
0 0.000013
2 0.000015
1 0.000013
0 0.000012
5 0.000018
2 0.000015
1 0.000013
0 0.000012
5 0.000018
2 0.000015
1 0.000012
0 0.000013
5 0.000018
2 0.000015
1 0.000012
0 0.000012
5 0.000018
2 0.000015
0 0.000011
5 0.000018
2 0.000015
0 0.000011
5 0.000018
2 0.000015
0 0.000012
5 0.000018
2 0.000015
0 0.000012
5 0.000018
2 0.000015
0 0.000011
5 0.000017
2 0.000014
0 0.000012
5 0.000018
2 0.000015
0 0.000012
5 0.000018
2 0.000014
0 0.000011
0 0.000011
2 0.000015
0 0.000011
2 0.000015
0 0.000012
2 0.000016
0 0.000012
2 0.000015
0 0.000011
2 0.000016
0 0.000012
2 0.000014
0 0.000011
2 0.000015
0 0.000012
2 0.000015
0 0.000011
2 0.000015
0 0.000011
2 0.000014
0 0.000012
2 0.000014
0 0.000012
2 0.000015
0 0.000011
2 0.000015
0 0.000012
2 0.000015
0 0.000015
2 0.000015
0 0.000012
2 0.000015
0 0.000012
2 0.000015
0 0.000012
2 0.000015
0 0.000012
2 0.000015
0 0.000012
2 0.000015
0 0.000012
2 0.000015
0 0.000012
2 0.000014
0 0.000012
2 0.000015
0 0.000012
2 0.000015
0 0.000012
2 0.000015
0 0.000012
2 0.000015
0 0.000012
2 0.000015
0 0.000012
0 0.000012
2 0.000015
0 0.000012
2 0.000015
0 0.000012
2 0.000015
0 0.000012
2 0.000015
0 0.000012
2 0.000015
0 0.000012
2 0.000015
0 0.000012
2 0.000015
0 0.000012
2 0.000014
0 0.000018
2 0.000015
0 0.000017
2 0.000015
0 0.000017
2 0.000015
0 0.000018
2 0.000016
0 0.000017
2 0.000015
0 0.000018
2 0.000015
0 0.000018
2 0.000015
0 0.000017
2 0.000012
2 0.000012
0 0.000017
2 0.000011
0 0.000018
2 0.000012
0 0.000017
2 0.000011
0 0.000017
2 0.000011
0 0.000018
2 0.000011
0 0.000018
2 0.000012
0 0.000017
2 0.000011
2 0.000011
2 0.000012
2 0.000012
2 0.000012
2 0.000012
2 0.000012
