4 0.000039
1 0.000040
3 0.000039
7 0.000040
4 0.000039
0 0.000046
2 0.000039
5 0.000041
4 0.000039
6 0.000039
0 0.000039
1 0.000039
3 0.000039
2 0.000039
7 0.000039
5 0.000039
6 0.000038
0 0.000047
4 0.000050
3 0.000047
7 0.000047
1 0.000047
5 0.000048
2 0.000046
6 0.000039
0 0.000040
4 0.000039
3 0.000039
7 0.000039
1 0.000039
5 0.000040
2 0.000039
6 0.000038
0 0.000039
4 0.000039
3 0.000039
7 0.000039
1 0.000039
2 0.000039
6 0.000039
5 0.000040
4 0.000040
0 0.000040
3 0.000038
7 0.000039
1 0.000040
6 0.000038
2 0.000039
5 0.000038
4 0.000039
0 0.000039
3 0.000039
7 0.000039
1 0.000039
6 0.000039
2 0.000039
5 0.000039
4 0.000039
0 0.000039
3 0.000038
7 0.000039
1 0.000039
6 0.000039
2 0.000039
5 0.000039
4 0.000039
0 0.000040
3 0.000038
7 0.000039
1 0.000039
6 0.000038
2 0.000039
5 0.000039
4 0.000039
0 0.000039
3 0.000038
7 0.000039
1 0.000040
6 0.000039
2 0.000039
5 0.000039
4 0.000039
0 0.000040
3 0.000038
7 0.000039
1 0.000039
6 0.000039
2 0.000039
5 0.000039
4 0.000039
0 0.000040
3 0.000039
7 0.000039
1 0.000039
2 0.000039
5 0.000039
6 0.000039
4 0.000039
0 0.000039
3 0.000039
7 0.000039
2 0.000039
5 0.000039
6 0.000039
1 0.000039
0 0.000040
3 0.000039
4 0.000039
7 0.000039
5 0.000039
2 0.000039
0 0.000039
6 0.000039
1 0.000039
3 0.000038
7 0.000039
4 0.000039
2 0.000040
5 0.000039
0 0.000039
6 0.000039
1 0.000039
3 0.000039
7 0.000039
4 0.000039
2 0.000040
5 0.000039
0 0.000039
6 0.000039
1 0.000039
3 0.000039
7 0.000039
4 0.000039
2 0.000039
5 0.000039
0 0.000039
6 0.000039
1 0.000040
3 0.000039
7 0.000039
4 0.000039
2 0.000039
5 0.000040
6 0.000039
0 0.000040
1 0.000040
3 0.000039
7 0.000039
4 0.000039
2 0.000039
5 0.000039
6 0.000039
0 0.000039
1 0.000040
3 0.000039
7 0.000039
4 0.000039
2 0.000040
6 0.000039
0 0.000040
5 0.000040
3 0.000039
1 0.000039
7 0.000038
4 0.000039
2 0.000040
6 0.000038
0 0.000040
5 0.000039
3 0.000039
1 0.000040
7 0.000039
4 0.000039
2 0.000040
6 0.000038
0 0.000040
5 0.000039
3 0.000038
1 0.000039
7 0.000039
4 0.000039
2 0.000047
6 0.000046
0 0.000048
5 0.000046
3 0.000045
1 0.000039
7 0.000039
4 0.000039
2 0.000039
6 0.000038
0 0.000040
5 0.000039
3 0.000039
1 0.000039
7 0.000039
4 0.000039
2 0.000039
0 0.000040
6 0.000039
5 0.000040
3 0.000039
1 0.000039
7 0.000039
4 0.000039
2 0.000039
0 0.000040
6 0.000039
5 0.000040
3 0.000039
1 0.000039
7 0.000038
4 0.000039
2 0.000039
0 0.000040
6 0.000039
5 0.000039
3 0.000039
1 0.000039
7 0.000039
4 0.000040
2 0.000039
0 0.000040
6 0.000039
5 0.000040
3 0.000039
1 0.000039
7 0.000039
4 0.000039
2 0.000039
0 0.000039
6 0.000038
5 0.000040
3 0.000039
1 0.000039
7 0.000039
4 0.000039
2 0.000039
0 0.000040
6 0.000039
5 0.000039
3 0.000039
1 0.000039
7 0.000039
4 0.000039
2 0.000040
0 0.000039
6 0.000038
5 0.000040
3 0.000039
1 0.000039
7 0.000039
4 0.000039
2 0.000039
6 0.000038
0 0.000039
5 0.000039
3 0.000039
1 0.000039
7 0.000039
4 0.000039
2 0.000039
6 0.000039
0 0.000039
5 0.000039
3 0.000039
1 0.000039
7 0.000039
4 0.000039
2 0.000039
6 0.000038
0 0.000039
5 0.000040
3 0.000039
1 0.000039
7 0.000040
4 0.000039
2 0.000040
6 0.000039
0 0.000039
5 0.000040
3 0.000039
1 0.000039
7 0.000039
4 0.000040
2 0.000040
6 0.000038
0 0.000040
5 0.000039
3 0.000038
1 0.000039
7 0.000039
4 0.000039
2 0.000039
6 0.000038
0 0.000040
5 0.000039
3 0.000038
1 0.000039
7 0.000040
4 0.000039
2 0.000038
6 0.000039
0 0.000039
5 0.000039
3 0.000039
1 0.000039
7 0.000039
4 0.000039
6 0.000039
0 0.000039
2 0.000039
5 0.000039
3 0.000038
1 0.000039
7 0.000039
4 0.000039
6 0.000038
0 0.000039
2 0.000039
5 0.000039
3 0.000039
1 0.000039
7 0.000040
4 0.000039
6 0.000038
0 0.000039
2 0.000040
5 0.000040
3 0.000038
1 0.000039
7 0.000039
4 0.000040
6 0.000038
0 0.000039
2 0.000040
5 0.000040
3 0.000039
1 0.000039
7 0.000039
4 0.000040
6 0.000039
0 0.000039
2 0.000040
5 0.000040
3 0.000039
1 0.000039
7 0.000040
4 0.000040
6 0.000045
0 0.000046
2 0.000045
5 0.000048
3 0.000045
1 0.000044
7 0.000046
4 0.000047
6 0.000039
0 0.000039
2 0.000039
5 0.000039
3 0.000039
1 0.000039
7 0.000040
4 0.000040
6 0.000038
0 0.000040
2 0.000039
5 0.000040
3 0.000039
1 0.000039
7 0.000039
4 0.000040
0 0.000040
6 0.000038
2 0.000039
5 0.000039
3 0.000039
1 0.000039
7 0.000039
4 0.000040
0 0.000040
6 0.000040
2 0.000039
5 0.000040
3 0.000039
1 0.000039
7 0.000040
4 0.000039
0 0.000040
6 0.000039
5 0.000040
1 0.000038
2 0.000040
7 0.000040
3 0.000039
4 0.000039
0 0.000040
6 0.000039
5 0.000040
7 0.000039
2 0.000039
3 0.000039
4 0.000040
1 0.000039
6 0.000039
0 0.000039
5 0.000039
7 0.000039
3 0.000039
2 0.000039
4 0.000040
1 0.000039
6 0.000038
0 0.000039
5 0.000039
7 0.000040
3 0.000039
2 0.000039
4 0.000039
1 0.000038
6 0.000039
0 0.000039
5 0.000039
7 0.000039
3 0.000039
4 0.000039
1 0.000038
6 0.000039
2 0.000040
0 0.000039
5 0.000040
7 0.000040
4 0.000040
1 0.000038
3 0.000039
6 0.000038
2 0.000040
0 0.000040
5 0.000040
7 0.000040
4 0.000039
1 0.000038
6 0.000038
2 0.000039
0 0.000040
5 0.000039
3 0.000039
7 0.000039
4 0.000039
1 0.000038
2 0.000040
0 0.000040
5 0.000040
3 0.000039
6 0.000038
7 0.000040
4 0.000040
1 0.000039
0 0.000039
2 0.000039
5 0.000039
3 0.000039
6 0.000039
7 0.000039
4 0.000040
1 0.000039
0 0.000039
2 0.000039
6 0.000039
3 0.000040
7 0.000039
5 0.000039
4 0.000040
1 0.000039
0 0.000040
6 0.000038
3 0.000039
7 0.000039
5 0.000039
2 0.000039
4 0.000040
1 0.000038
0 0.000039
6 0.000039
7 0.000039
5 0.000040
3 0.000039
2 0.000039
4 0.000040
1 0.000038
0 0.000039
6 0.000039
7 0.000039
5 0.000039
3 0.000039
2 0.000039
4 0.000039
1 0.000038
0 0.000039
6 0.000039
7 0.000039
5 0.000040
3 0.000039
2 0.000039
4 0.000039
1 0.000039
0 0.000039
6 0.000039
7 0.000040
5 0.000040
3 0.000039
2 0.000039
4 0.000046
1 0.000043
0 0.000045
6 0.000045
7 0.000044
5 0.000044
3 0.000045
2 0.000039
4 0.000040
1 0.000039
0 0.000039
6 0.000039
7 0.000039
5 0.000040
3 0.000039
2 0.000039
4 0.000040
1 0.000039
0 0.000039
6 0.000039
7 0.000039
5 0.000040
3 0.000039
2 0.000039
4 0.000039
1 0.000039
6 0.000039
0 0.000039
7 0.000039
5 0.000039
3 0.000039
2 0.000040
4 0.000039
6 0.000038
1 0.000038
7 0.000039
0 0.000040
5 0.000039
3 0.000040
2 0.000039
4 0.000040
1 0.000038
6 0.000039
7 0.000040
0 0.000039
5 0.000039
3 0.000039
2 0.000040
4 0.000040
1 0.000038
6 0.000039
7 0.000039
0 0.000039
5 0.000039
3 0.000039
2 0.000039
4 0.000039
1 0.000039
6 0.000039
7 0.000040
5 0.000040
3 0.000039
2 0.000040
0 0.000039
4 0.000039
1 0.000039
6 0.000039
3 0.000039
7 0.000040
2 0.000040
0 0.000039
5 0.000039
4 0.000040
1 0.000039
3 0.000039
6 0.000039
0 0.000039
5 0.000040
2 0.000039
7 0.000040
4 0.000040
1 0.000039
3 0.000039
6 0.000038
5 0.000039
2 0.000040
7 0.000039
0 0.000040
4 0.000039
1 0.000039
3 0.000039
6 0.000039
2 0.000039
5 0.000039
7 0.000039
0 0.000040
4 0.000039
1 0.000039
3 0.000039
6 0.000039
2 0.000039
5 0.000040
7 0.000039
0 0.000039
4 0.000039
1 0.000039
3 0.000039
6 0.000039
2 0.000039
5 0.000039
7 0.000039
0 0.000040
4 0.000039
1 0.000038
3 0.000039
6 0.000038
2 0.000040
5 0.000040
7 0.000039
0 0.000040
4 0.000039
1 0.000038
3 0.000040
6 0.000039
2 0.000040
5 0.000039
7 0.000039
0 0.000040
4 0.000040
1 0.000039
3 0.000039
6 0.000038
2 0.000040
5 0.000040
7 0.000039
0 0.000040
4 0.000039
1 0.000039
3 0.000039
6 0.000039
2 0.000040
5 0.000040
7 0.000039
0 0.000040
4 0.000039
1 0.000039
3 0.000039
6 0.000039
2 0.000039
5 0.000040
7 0.000039
0 0.000040
4 0.000039
1 0.000039
3 0.000039
6 0.000039
2 0.000039
5 0.000039
7 0.000039
0 0.000039
4 0.000040
1 0.000039
3 0.000039
6 0.000039
2 0.000039
5 0.000039
7 0.000045
0 0.000045
4 0.000046
1 0.000045
3 0.000044
6 0.000046
2 0.000045
5 0.000039
7 0.000039
4 0.000039
0 0.000040
3 0.000039
1 0.000039
6 0.000039
2 0.000040
5 0.000039
7 0.000040
4 0.000040
0 0.000040
3 0.000039
1 0.000039
6 0.000039
2 0.000039
5 0.000039
7 0.000039
4 0.000040
0 0.000039
3 0.000039
1 0.000039
6 0.000039
2 0.000040
5 0.000040
7 0.000039
4 0.000039
0 0.000039
3 0.000039
1 0.000039
6 0.000039
2 0.000040
5 0.000039
7 0.000039
4 0.000039
0 0.000039
3 0.000039
6 0.000039
2 0.000040
5 0.000039
1 0.000039
7 0.000039
4 0.000039
0 0.000039
3 0.000039
6 0.000039
2 0.000040
5 0.000040
1 0.000039
7 0.000040
4 0.000040
0 0.000039
3 0.000039
6 0.000038
2 0.000040
5 0.000040
1 0.000039
7 0.000039
4 0.000040
0 0.000039
6 0.000039
2 0.000040
3 0.000040
5 0.000039
1 0.000039
7 0.000038
4 0.000040
6 0.000039
0 0.000039
2 0.000040
3 0.000040
1 0.000039
7 0.000039
5 0.000040
4 0.000039
6 0.000039
0 0.000039
2 0.000040
1 0.000039
7 0.000039
3 0.000039
5 0.000039
4 0.000040
6 0.000038
0 0.000040
2 0.000040
1 0.000039
7 0.000038
3 0.000040
5 0.000039
4 0.000039
6 0.000038
0 0.000040
2 0.000040
1 0.000039
7 0.000039
3 0.000040
5 0.000038
6 0.000038
4 0.000040
0 0.000039
2 0.000039
1 0.000039
7 0.000038
3 0.000039
5 0.000039
6 0.000038
4 0.000040
0 0.000039
2 0.000040
1 0.000039
7 0.000039
3 0.000039
5 0.000039
6 0.000039
4 0.000039
0 0.000038
2 0.000040
1 0.000039
7 0.000039
3 0.000039
5 0.000039
6 0.000038
4 0.000039
0 0.000038
1 0.000038
7 0.000039
2 0.000039
3 0.000040
6 0.000039
5 0.000039
4 0.000039
0 0.000038
1 0.000039
7 0.000039
2 0.000039
3 0.000039
6 0.000039
5 0.000039
4 0.000039
0 0.000039
1 0.000039
7 0.000039
2 0.000039
3 0.000039
6 0.000039
5 0.000039
4 0.000040
0 0.000039
1 0.000039
7 0.000039
2 0.000039
3 0.000039
6 0.000039
5 0.000039
4 0.000040
0 0.000039
1 0.000039
7 0.000039
2 0.000040
3 0.000040
6 0.000046
5 0.000044
0 0.000045
1 0.000045
7 0.000045
4 0.000046
3 0.000039
2 0.000039
6 0.000039
5 0.000039
0 0.000038
1 0.000039
7 0.000039
4 0.000039
3 0.000039
2 0.000039
6 0.000039
5 0.000039
0 0.000039
1 0.000038
7 0.000039
4 0.000040
3 0.000040
2 0.000038
6 0.000039
5 0.000039
1 0.000038
7 0.000038
0 0.000039
4 0.000039
3 0.000039
2 0.000038
6 0.000039
1 0.000039
5 0.000039
7 0.000038
0 0.000039
4 0.000039
3 0.000039
2 0.000039
6 0.000039
1 0.000038
5 0.000039
7 0.000039
0 0.000039
3 0.000039
2 0.000039
4 0.000039
6 0.000039
1 0.000038
5 0.000039
7 0.000039
0 0.000038
2 0.000039
3 0.000039
4 0.000040
6 0.000039
1 0.000038
5 0.000039
7 0.000039
0 0.000039
2 0.000039
3 0.000039
6 0.000039
4 0.000040
1 0.000038
5 0.000039
0 0.000039
7 0.000040
2 0.000038
3 0.000039
6 0.000039
4 0.000040
1 0.000040
5 0.000039
0 0.000038
7 0.000039
2 0.000039
3 0.000039
6 0.000040
4 0.000040
1 0.000039
5 0.000039
0 0.000039
7 0.000039
2 0.000038
3 0.000039
6 0.000039
4 0.000040
1 0.000039
5 0.000039
0 0.000039
7 0.000039
2 0.000038
3 0.000039
6 0.000039
4 0.000040
1 0.000039
5 0.000039
0 0.000039
7 0.000039
2 0.000038
3 0.000039
6 0.000038
4 0.000039
1 0.000038
5 0.000039
0 0.000039
7 0.000039
2 0.000038
3 0.000039
4 0.000039
6 0.000039
1 0.000038
5 0.000039
0 0.000039
7 0.000039
2 0.000038
3 0.000039
4 0.000040
6 0.000039
1 0.000038
5 0.000039
7 0.000039
2 0.000038
0 0.000040
3 0.000039
6 0.000039
4 0.000040
1 0.000039
7 0.000039
2 0.000038
0 0.000039
5 0.000039
3 0.000039
6 0.000039
4 0.000040
1 0.000038
2 0.000039
7 0.000039
0 0.000040
5 0.000039
3 0.000039
6 0.000039
1 0.000039
4 0.000040
2 0.000039
7 0.000038
0 0.000040
5 0.000039
3 0.000039
6 0.000039
1 0.000039
4 0.000040
2 0.000039
7 0.000039
0 0.000039
5 0.000039
3 0.000039
6 0.000040
1 0.000039
4 0.000040
7 0.000039
5 0.000039
2 0.000039
0 0.000040
6 0.000039
3 0.000040
1 0.000045
4 0.000047
5 0.000044
2 0.000040
6 0.000039
0 0.000039
7 0.000044
3 0.000040
1 0.000039
4 0.000040
2 0.000039
5 0.000039
6 0.000040
0 0.000039
7 0.000039
3 0.000039
1 0.000038
4 0.000039
2 0.000039
5 0.000039
6 0.000039
0 0.000039
7 0.000039
3 0.000039
1 0.000039
4 0.000039
2 0.000039
5 0.000039
6 0.000039
0 0.000039
7 0.000039
3 0.000039
1 0.000039
4 0.000039
2 0.000038
5 0.000040
0 0.000039
7 0.000039
6 0.000039
3 0.000039
1 0.000039
4 0.000039
2 0.000039
0 0.000039
5 0.000039
7 0.000039
6 0.000039
3 0.000040
1 0.000039
4 0.000039
2 0.000038
0 0.000039
5 0.000039
7 0.000039
6 0.000039
3 0.000040
1 0.000039
4 0.000039
2 0.000038
0 0.000039
5 0.000039
7 0.000039
6 0.000039
3 0.000040
1 0.000039
4 0.000040
2 0.000038
0 0.000039
5 0.000039
6 0.000039
7 0.000039
3 0.000039
1 0.000039
4 0.000040
2 0.000039
0 0.000039
5 0.000039
6 0.000039
7 0.000039
3 0.000039
1 0.000039
4 0.000040
2 0.000038
0 0.000039
5 0.000038
6 0.000039
7 0.000039
3 0.000039
1 0.000039
2 0.000038
0 0.000039
5 0.000039
4 0.000039
6 0.000040
7 0.000038
3 0.000039
1 0.000039
0 0.000039
5 0.000039
4 0.000040
2 0.000038
7 0.000038
6 0.000039
3 0.000039
1 0.000039
0 0.000039
5 0.000039
4 0.000039
2 0.000039
7 0.000039
6 0.000039
3 0.000039
1 0.000039
0 0.000040
5 0.000039
4 0.000040
2 0.000039
7 0.000038
6 0.000039
3 0.000040
1 0.000039
0 0.000040
5 0.000039
4 0.000040
2 0.000040
7 0.000039
6 0.000039
3 0.000039
1 0.000039
0 0.000039
5 0.000039
4 0.000040
2 0.000038
7 0.000039
6 0.000039
3 0.000039
1 0.000039
0 0.000039
5 0.000039
2 0.000039
4 0.000040
7 0.000039
6 0.000039
3 0.000039
1 0.000039
0 0.000040
5 0.000039
2 0.000039
4 0.000040
6 0.000038
3 0.000039
7 0.000039
1 0.000039
0 0.000040
5 0.000039
2 0.000039
6 0.000039
4 0.000040
3 0.000039
7 0.000039
1 0.000038
0 0.000039
5 0.000039
2 0.000039
6 0.000038
4 0.000045
3 0.000046
1 0.000044
7 0.000045
5 0.000044
0 0.000046
2 0.000044
6 0.000038
4 0.000039
3 0.000039
1 0.000040
7 0.000039
5 0.000039
0 0.000039
2 0.000039
6 0.000038
4 0.000039
3 0.000040
1 0.000039
7 0.000039
5 0.000039
0 0.000039
2 0.000038
6 0.000039
4 0.000039
3 0.000040
1 0.000039
7 0.000039
5 0.000039
0 0.000038
2 0.000039
6 0.000038
4 0.000039
3 0.000039
1 0.000039
7 0.000039
5 0.000039
0 0.000039
2 0.000039
6 0.000039
4 0.000040
3 0.000040
1 0.000039
7 0.000039
5 0.000039
0 0.000039
2 0.000039
6 0.000039
4 0.000039
3 0.000039
1 0.000039
7 0.000039
5 0.000039
0 0.000040
2 0.000039
6 0.000038
4 0.000039
3 0.000039
1 0.000039
7 0.000039
5 0.000039
0 0.000040
2 0.000039
6 0.000038
4 0.000039
3 0.000039
1 0.000039
7 0.000039
5 0.000039
0 0.000039
2 0.000040
6 0.000038
4 0.000039
3 0.000039
1 0.000039
7 0.000039
5 0.000039
0 0.000040
2 0.000040
6 0.000038
4 0.000038
3 0.000040
1 0.000039
7 0.000039
5 0.000039
0 0.000039
2 0.000038
6 0.000038
4 0.000039
3 0.000040
1 0.000039
7 0.000039
2 0.000038
6 0.000039
5 0.000040
0 0.000039
4 0.000039
3 0.000039
1 0.000039
7 0.000039
2 0.000039
6 0.000039
5 0.000040
0 0.000039
4 0.000039
3 0.000040
1 0.000039
7 0.000039
2 0.000039
6 0.000039
5 0.000039
0 0.000040
4 0.000039
3 0.000040
1 0.000039
7 0.000039
2 0.000039
6 0.000039
5 0.000040
4 0.000039
0 0.000039
3 0.000039
1 0.000039
7 0.000039
2 0.000039
6 0.000039
4 0.000039
5 0.000039
0 0.000039
3 0.000040
1 0.000039
7 0.000039
2 0.000039
6 0.000039
5 0.000039
0 0.000039
3 0.000040
4 0.000039
1 0.000038
7 0.000039
2 0.000039
6 0.000039
0 0.000039
5 0.000039
3 0.000040
4 0.000039
1 0.000039
7 0.000039
2 0.000039
6 0.000039
0 0.000039
5 0.000039
3 0.000039
4 0.000039
1 0.000039
7 0.000039
2 0.000039
6 0.000039
0 0.000039
5 0.000039
3 0.000038
4 0.000039
1 0.000039
7 0.000039
2 0.000039
6 0.000038
0 0.000039
5 0.000040
3 0.000044
4 0.000044
1 0.000044
7 0.000045
6 0.000044
2 0.000045
0 0.000044
5 0.000039
3 0.000039
4 0.000039
1 0.000038
7 0.000039
6 0.000039
2 0.000039
0 0.000039
5 0.000040
3 0.000039
4 0.000039
1 0.000039
7 0.000040
6 0.000039
2 0.000039
0 0.000039
5 0.000040
3 0.000039
4 0.000039
1 0.000039
7 0.000039
6 0.000038
2 0.000038
0 0.000039
5 0.000040
3 0.000039
4 0.000039
1 0.000039
7 0.000039
6 0.000039
2 0.000038
0 0.000039
5 0.000039
4 0.000039
1 0.000039
7 0.000039
6 0.000038
3 0.000039
0 0.000039
2 0.000038
5 0.000040
1 0.000039
4 0.000038
6 0.000039
7 0.000039
3 0.000039
0 0.000039
2 0.000038
5 0.000039
1 0.000038
4 0.000038
6 0.000039
7 0.000039
0 0.000038
2 0.000039
3 0.000039
5 0.000039
1 0.000039
4 0.000039
7 0.000038
6 0.000039
0 0.000038
2 0.000040
3 0.000039
5 0.000039
1 0.000039
7 0.000039
4 0.000039
6 0.000039
0 0.000038
2 0.000039
3 0.000039
5 0.000039
1 0.000039
7 0.000039
4 0.000039
6 0.000039
0 0.000039
2 0.000039
3 0.000039
5 0.000039
1 0.000039
7 0.000040
4 0.000040
6 0.000039
0 0.000039
2 0.000039
5 0.000039
3 0.000039
1 0.000039
7 0.000038
6 0.000038
0 0.000038
4 0.000040
2 0.000039
5 0.000040
1 0.000039
3 0.000040
7 0.000038
6 0.000038
0 0.000039
4 0.000039
2 0.000039
5 0.000040
1 0.000039
3 0.000039
7 0.000039
6 0.000039
0 0.000039
4 0.000039
2 0.000038
5 0.000039
1 0.000039
3 0.000039
7 0.000039
6 0.000039
0 0.000039
2 0.000038
4 0.000039
5 0.000040
1 0.000039
3 0.000039
7 0.000038
6 0.000038
0 0.000040
2 0.000038
4 0.000039
5 0.000039
1 0.000039
3 0.000039
7 0.000039
6 0.000038
0 0.000039
2 0.000039
4 0.000039
1 0.000039
5 0.000040
3 0.000039
7 0.000039
6 0.000039
0 0.000039
2 0.000038
4 0.000040
1 0.000039
5 0.000039
3 0.000040
0 0.000039
7 0.000039
6 0.000038
2 0.000039
4 0.000040
1 0.000039
5 0.000039
0 0.000039
3 0.000039
7 0.000039
6 0.000038
2 0.000039
4 0.000040
1 0.000039
5 0.000039
0 0.000045
7 0.000044
3 0.000047
2 0.000043
6 0.000044
4 0.000045
1 0.000039
5 0.000039
0 0.000039
7 0.000039
2 0.000039
3 0.000040
6 0.000038
4 0.000040
1 0.000039
5 0.000040
0 0.000039
7 0.000039
2 0.000039
3 0.000039
6 0.000038
4 0.000039
1 0.000039
5 0.000040
0 0.000039
7 0.000039
2 0.000038
3 0.000039
6 0.000038
4 0.000039
1 0.000039
5 0.000040
0 0.000039
7 0.000039
2 0.000039
6 0.000039
3 0.000038
4 0.000039
1 0.000038
5 0.000040
0 0.000039
7 0.000040
2 0.000039
6 0.000038
3 0.000039
4 0.000040
1 0.000039
5 0.000040
0 0.000039
7 0.000039
2 0.000039
6 0.000038
3 0.000040
4 0.000040
1 0.000039
5 0.000039
0 0.000040
7 0.000039
2 0.000039
6 0.000038
3 0.000039
4 0.000039
1 0.000039
5 0.000039
0 0.000040
7 0.000039
6 0.000038
2 0.000039
3 0.000039
4 0.000039
1 0.000039
5 0.000039
7 0.000039
0 0.000039
6 0.000039
2 0.000039
3 0.000039
4 0.000039
1 0.000040
5 0.000039
6 0.000039
2 0.000038
3 0.000039
4 0.000039
5 0.000039
6 0.000039
3 0.000039
6 0.000038
6 0.000039
