6 0.000003
3 0.000005
4 0.000005
1 0.000006
6 0.000004
7 0.000007
3 0.000006
0 0.000004
4 0.000006
2 0.000007
6 0.000005
1 0.000006
7 0.000006
5 0.000007
0 0.000005
4 0.000005
3 0.000006
6 0.000004
2 0.000006
1 0.000005
7 0.000005
0 0.000005
4 0.000006
3 0.000006
5 0.000005
6 0.000004
2 0.000006
1 0.000005
7 0.000005
4 0.000005
3 0.000005
0 0.000005
6 0.000004
5 0.000006
2 0.000006
1 0.000005
7 0.000005
4 0.000005
3 0.000006
0 0.000004
6 0.000004
5 0.000006
2 0.000005
1 0.000005
7 0.000005
4 0.000005
3 0.000005
0 0.000005
6 0.000004
5 0.000005
2 0.000005
1 0.000005
7 0.000005
4 0.000005
3 0.000005
0 0.000004
6 0.000004
5 0.000005
2 0.000005
1 0.000005
7 0.000005
4 0.000005
3 0.000005
0 0.000005
6 0.000004
5 0.000005
2 0.000005
1 0.000005
7 0.000005
4 0.000005
3 0.000005
0 0.000004
6 0.000004
5 0.000005
2 0.000005
7 0.000005
1 0.000005
4 0.000005
3 0.000005
0 0.000005
6 0.000005
2 0.000006
5 0.000006
7 0.000005
1 0.000006
4 0.000006
3 0.000006
6 0.000005
2 0.000006
0 0.000004
5 0.000005
7 0.000005
1 0.000005
4 0.000005
3 0.000005
6 0.000005
2 0.000006
0 0.000005
5 0.000006
7 0.000005
1 0.000005
4 0.000005
3 0.000005
6 0.000004
2 0.000006
0 0.000004
5 0.000006
7 0.000006
1 0.000005
4 0.000005
3 0.000005
6 0.000004
2 0.000015
5 0.000005
7 0.000005
0 0.000011
4 0.000005
1 0.000005
3 0.000005
6 0.000003
5 0.000005
2 0.000006
7 0.000006
0 0.000004
4 0.000005
1 0.000005
3 0.000005
6 0.000004
5 0.000005
2 0.000005
7 0.000006
0 0.000004
4 0.000005
1 0.000006
6 0.000004
3 0.000006
5 0.000005
2 0.000005
7 0.000006
0 0.000004
4 0.000005
1 0.000006
6 0.000004
3 0.000006
5 0.000005
2 0.000005
7 0.000005
0 0.000004
4 0.000005
6 0.000004
1 0.000006
3 0.000006
5 0.000005
2 0.000005
7 0.000006
0 0.000004
4 0.000005
6 0.000004
1 0.000006
3 0.000006
5 0.000005
2 0.000005
7 0.000005
0 0.000004
4 0.000005
1 0.000006
3 0.000006
6 0.000004
5 0.000006
2 0.000006
7 0.000006
0 0.000004
4 0.000005
3 0.000005
1 0.000006
6 0.000005
5 0.000006
2 0.000005
7 0.000005
0 0.000005
4 0.000006
3 0.000005
1 0.000006
6 0.000004
5 0.000006
2 0.000005
7 0.000006
0 0.000004
4 0.000005
6 0.000004
5 0.000005
3 0.000005
2 0.000006
7 0.000005
0 0.000005
1 0.000006
6 0.000004
4 0.000005
2 0.000005
7 0.000006
0 0.000004
1 0.000006
3 0.000006
5 0.000006
6 0.000004
4 0.000005
2 0.000005
0 0.000004
1 0.000006
7 0.000005
3 0.000006
5 0.000005
6 0.000004
4 0.000005
2 0.000005
0 0.000004
1 0.000005
7 0.000006
3 0.000006
5 0.000005
6 0.000004
4 0.000005
2 0.000005
0 0.000004
1 0.000004
7 0.000005
3 0.000006
5 0.000005
6 0.000004
4 0.000006
2 0.000005
0 0.000004
1 0.000005
7 0.000006
3 0.000006
5 0.000006
6 0.000004
4 0.000005
2 0.000005
0 0.000004
1 0.000005
7 0.000005
3 0.000005
5 0.000005
6 0.000004
4 0.000005
2 0.000005
0 0.000005
1 0.000005
7 0.000006
3 0.000006
5 0.000006
6 0.000005
4 0.000005
2 0.000005
0 0.000005
1 0.000005
7 0.000005
3 0.000005
5 0.000006
6 0.000005
4 0.000005
2 0.000005
0 0.000005
1 0.000004
7 0.000005
3 0.000006
6 0.000005
5 0.000006
4 0.000005
2 0.000006
0 0.000005
1 0.000005
7 0.000005
3 0.000006
6 0.000004
5 0.000005
4 0.000010
0 0.000004
2 0.000006
1 0.000005
7 0.000004
3 0.000005
6 0.000004
5 0.000005
4 0.000005
0 0.000005
2 0.000006
1 0.000005
7 0.000005
3 0.000006
6 0.000004
5 0.000005
4 0.000005
0 0.000004
2 0.000006
1 0.000005
7 0.000005
3 0.000006
6 0.000004
5 0.000005
4 0.000005
0 0.000005
2 0.000006
1 0.000005
7 0.000005
3 0.000006
6 0.000004
5 0.000005
4 0.000005
0 0.000004
2 0.000006
1 0.000005
7 0.000005
3 0.000006
6 0.000004
5 0.000005
4 0.000005
2 0.000006
1 0.000006
0 0.000005
7 0.000006
3 0.000006
6 0.000004
5 0.000005
2 0.000005
4 0.000005
1 0.000006
0 0.000004
7 0.000005
3 0.000006
6 0.000004
5 0.000006
2 0.000005
4 0.000005
1 0.000006
0 0.000004
7 0.000005
3 0.000005
6 0.000004
5 0.000005
2 0.000005
4 0.000006
1 0.000006
0 0.000004
7 0.000005
3 0.000006
6 0.000004
5 0.000005
2 0.000005
4 0.000006
1 0.000006
7 0.000005
0 0.000005
3 0.000005
6 0.000004
5 0.000005
2 0.000005
4 0.000005
1 0.000006
7 0.000005
0 0.000004
3 0.000006
6 0.000004
5 0.000005
2 0.000005
4 0.000005
1 0.000006
7 0.000005
0 0.000004
3 0.000005
6 0.000004
5 0.000005
2 0.000005
4 0.000005
1 0.000006
7 0.000005
0 0.000004
3 0.000005
6 0.000004
5 0.000005
2 0.000005
1 0.000006
7 0.000006
0 0.000005
6 0.000005
4 0.000005
3 0.000006
5 0.000005
1 0.000005
2 0.000006
6 0.000004
4 0.000006
7 0.000006
3 0.000006
0 0.000004
5 0.000005
1 0.000005
6 0.000004
2 0.000006
4 0.000006
3 0.000006
7 0.000006
0 0.000005
5 0.000006
1 0.000005
6 0.000004
2 0.000006
4 0.000005
3 0.000005
7 0.000006
0 0.000005
5 0.000006
1 0.000006
6 0.000004
2 0.000005
4 0.000005
3 0.000005
7 0.000005
0 0.000005
5 0.000005
1 0.000005
6 0.000004
2 0.000005
4 0.000005
3 0.000005
7 0.000006
0 0.000005
5 0.000006
6 0.000004
1 0.000006
2 0.000005
4 0.000005
3 0.000005
7 0.000005
0 0.000004
5 0.000005
6 0.000005
1 0.000005
2 0.000005
4 0.000005
3 0.000011
0 0.000004
5 0.000005
7 0.000005
6 0.000004
1 0.000005
2 0.000004
4 0.000004
3 0.000005
0 0.000004
5 0.000005
7 0.000005
1 0.000005
6 0.000005
4 0.000005
3 0.000006
2 0.000006
0 0.000004
5 0.000005
1 0.000005
7 0.000005
4 0.000005
6 0.000004
3 0.000005
2 0.000005
0 0.000004
5 0.000005
1 0.000005
7 0.000005
4 0.000004
6 0.000005
3 0.000005
2 0.000005
0 0.000004
5 0.000005
1 0.000005
7 0.000005
4 0.000004
6 0.000004
3 0.000005
2 0.000005
0 0.000005
5 0.000005
1 0.000005
7 0.000005
4 0.000005
6 0.000004
3 0.000005
2 0.000006
0 0.000004
5 0.000005
1 0.000005
7 0.000005
4 0.000005
6 0.000004
3 0.000005
0 0.000004
5 0.000005
2 0.000006
1 0.000005
7 0.000005
4 0.000006
6 0.000005
3 0.000005
0 0.000004
5 0.000006
1 0.000006
7 0.000005
2 0.000005
6 0.000004
4 0.000005
3 0.000005
0 0.000004
5 0.000005
1 0.000005
7 0.000005
6 0.000004
4 0.000006
3 0.000006
2 0.000006
0 0.000004
5 0.000005
1 0.000005
7 0.000005
4 0.000005
6 0.000004
3 0.000005
2 0.000005
0 0.000004
5 0.000004
1 0.000005
7 0.000005
4 0.000005
6 0.000005
3 0.000006
2 0.000005
0 0.000004
5 0.000006
1 0.000005
7 0.000005
6 0.000004
3 0.000005
2 0.000006
0 0.000005
4 0.000005
5 0.000005
1 0.000005
7 0.000005
3 0.000005
6 0.000004
2 0.000006
0 0.000004
4 0.000006
5 0.000006
1 0.000005
7 0.000005
3 0.000005
6 0.000004
2 0.000006
0 0.000005
4 0.000005
5 0.000005
1 0.000005
7 0.000005
3 0.000005
6 0.000004
2 0.000006
4 0.000006
5 0.000006
0 0.000004
1 0.000006
7 0.000006
3 0.000005
6 0.000004
2 0.000005
4 0.000005
5 0.000005
0 0.000005
1 0.000005
7 0.000006
3 0.000005
6 0.000004
2 0.000005
4 0.000006
5 0.000006
0 0.000005
1 0.000006
7 0.000005
3 0.000005
6 0.000004
2 0.000005
4 0.000006
5 0.000006
0 0.000005
1 0.000006
7 0.000005
3 0.000005
6 0.000004
2 0.000005
4 0.000006
5 0.000006
1 0.000005
7 0.000006
0 0.000004
6 0.000004
3 0.000005
2 0.000004
1 0.000004
5 0.000005
4 0.000005
0 0.000004
6 0.000004
3 0.000005
7 0.000005
2 0.000005
1 0.000005
5 0.000005
4 0.000005
0 0.000004
6 0.000004
3 0.000005
7 0.000006
2 0.000005
1 0.000005
5 0.000005
4 0.000005
6 0.000004
0 0.000004
7 0.000006
3 0.000006
1 0.000006
5 0.000006
2 0.000006
4 0.000005
6 0.000004
7 0.000005
0 0.000004
3 0.000005
5 0.000005
2 0.000005
4 0.000006
1 0.000006
6 0.000004
7 0.000005
0 0.000004
5 0.000005
2 0.000005
3 0.000005
4 0.000005
6 0.000004
1 0.000006
7 0.000005
0 0.000004
5 0.000005
2 0.000005
3 0.000005
4 0.000005
6 0.000005
1 0.000005
7 0.000005
0 0.000005
5 0.000005
2 0.000005
3 0.000005
4 0.000006
6 0.000004
1 0.000005
7 0.000005
0 0.000004
5 0.000005
2 0.000005
3 0.000005
4 0.000005
6 0.000004
1 0.000005
7 0.000005
0 0.000004
5 0.000005
2 0.000005
3 0.000004
4 0.000006
6 0.000004
1 0.000005
7 0.000005
0 0.000004
5 0.000005
2 0.000005
3 0.000005
4 0.000005
6 0.000005
1 0.000005
7 0.000005
0 0.000004
5 0.000005
2 0.000005
3 0.000005
4 0.000005
6 0.000005
1 0.000005
7 0.000005
0 0.000004
5 0.000005
2 0.000005
3 0.000005
6 0.000005
4 0.000005
1 0.000005
7 0.000005
0 0.000004
5 0.000005
2 0.000005
3 0.000006
4 0.000005
1 0.000006
6 0.000005
7 0.000005
0 0.000004
5 0.000005
2 0.000005
4 0.000005
3 0.000005
1 0.000006
6 0.000004
7 0.000005
0 0.000004
5 0.000005
2 0.000004
4 0.000005
3 0.000006
1 0.000006
6 0.000004
7 0.000005
0 0.000004
5 0.000005
2 0.000005
4 0.000005
3 0.000005
1 0.000006
6 0.000004
7 0.000005
0 0.000005
5 0.000005
2 0.000005
4 0.000005
1 0.000006
0 0.000004
3 0.000005
7 0.000006
6 0.000004
5 0.000005
2 0.000005
1 0.000005
4 0.000005
0 0.000005
3 0.000006
6 0.000004
5 0.000005
7 0.000006
2 0.000005
1 0.000005
4 0.000005
0 0.000004
6 0.000004
3 0.000006
7 0.000006
5 0.000005
2 0.000005
1 0.000005
4 0.000005
0 0.000004
6 0.000004
3 0.000004
7 0.000004
2 0.000005
5 0.000005
1 0.000005
0 0.000004
4 0.000005
6 0.000004
3 0.000005
7 0.000005
2 0.000005
5 0.000005
1 0.000005
0 0.000004
4 0.000005
6 0.000004
3 0.000005
7 0.000005
2 0.000005
5 0.000005
1 0.000005
0 0.000004
4 0.000006
6 0.000005
3 0.000005
7 0.000005
5 0.000005
2 0.000005
1 0.000005
0 0.000005
4 0.000005
3 0.000005
6 0.000004
7 0.000005
5 0.000005
1 0.000006
0 0.000004
2 0.000006
4 0.000006
3 0.000005
6 0.000004
7 0.000005
5 0.000005
0 0.000004
1 0.000005
4 0.000006
3 0.000005
6 0.000005
2 0.000005
7 0.000005
5 0.000005
0 0.000004
1 0.000005
3 0.000005
4 0.000005
6 0.000004
2 0.000005
7 0.000005
5 0.000005
0 0.000004
1 0.000005
3 0.000004
4 0.000005
6 0.000004
2 0.000005
7 0.000005
5 0.000005
0 0.000004
1 0.000005
3 0.000005
4 0.000005
6 0.000004
2 0.000006
7 0.000005
5 0.000005
0 0.000004
1 0.000005
3 0.000005
4 0.000005
6 0.000004
2 0.000005
7 0.000005
5 0.000005
0 0.000004
1 0.000005
3 0.000005
4 0.000005
6 0.000004
2 0.000006
7 0.000005
5 0.000005
0 0.000004
1 0.000005
3 0.000005
4 0.000005
6 0.000004
2 0.000005
7 0.000005
5 0.000005
0 0.000004
1 0.000005
3 0.000006
4 0.000005
6 0.000004
2 0.000006
7 0.000005
5 0.000005
0 0.000004
1 0.000005
3 0.000006
4 0.000005
6 0.000004
2 0.000006
7 0.000005
5 0.000005
0 0.000004
1 0.000005
3 0.000006
4 0.000005
6 0.000004
2 0.000006
7 0.000005
5 0.000005
0 0.000005
1 0.000005
3 0.000006
4 0.000005
6 0.000005
2 0.000006
7 0.000005
5 0.000006
0 0.000004
1 0.000005
3 0.000005
4 0.000005
6 0.000004
2 0.000006
7 0.000005
5 0.000005
0 0.000005
1 0.000005
3 0.000005
4 0.000005
6 0.000005
7 0.000005
2 0.000006
0 0.000005
5 0.000006
1 0.000005
3 0.000006
4 0.000005
6 0.000004
7 0.000005
2 0.000005
0 0.000004
5 0.000005
3 0.000006
4 0.000006
1 0.000005
6 0.000004
7 0.000005
2 0.000005
0 0.000004
3 0.000011
5 0.000011
4 0.000005
1 0.000005
6 0.000003
7 0.000005
2 0.000005
0 0.000004
3 0.000005
5 0.000005
4 0.000006
1 0.000006
6 0.000004
7 0.000005
2 0.000004
0 0.000004
3 0.000005
5 0.000006
4 0.000005
1 0.000005
6 0.000004
7 0.000005
2 0.000005
0 0.000004
3 0.000005
5 0.000005
4 0.000005
1 0.000005
6 0.000004
7 0.000005
2 0.000005
0 0.000004
3 0.000005
5 0.000006
4 0.000006
1 0.000006
6 0.000004
7 0.000006
2 0.000006
0 0.000005
3 0.000005
5 0.000005
4 0.000006
1 0.000006
6 0.000004
7 0.000005
2 0.000006
0 0.000004
5 0.000005
4 0.000006
1 0.000006
3 0.000005
7 0.000006
2 0.000007
0 0.000005
6 0.000004
5 0.000005
4 0.000006
1 0.000006
0 0.000005
7 0.000006
6 0.000005
3 0.000006
2 0.000006
5 0.000005
4 0.000005
1 0.000005
0 0.000005
7 0.000006
3 0.000006
2 0.000005
6 0.000004
5 0.000005
4 0.000005
1 0.000005
0 0.000004
3 0.000006
6 0.000004
2 0.000005
7 0.000006
5 0.000006
4 0.000005
1 0.000005
0 0.000005
6 0.000004
3 0.000006
2 0.000005
5 0.000005
7 0.000005
4 0.000005
1 0.000005
0 0.000004
6 0.000004
3 0.000006
2 0.000006
5 0.000005
7 0.000005
4 0.000005
1 0.000005
0 0.000004
6 0.000004
3 0.000005
2 0.000005
5 0.000005
7 0.000005
4 0.000005
1 0.000004
0 0.000004
6 0.000004
3 0.000005
2 0.000005
5 0.000005
7 0.000005
4 0.000005
1 0.000005
0 0.000004
6 0.000004
3 0.000005
2 0.000005
5 0.000005
7 0.000004
4 0.000005
1 0.000005
0 0.000004
6 0.000004
3 0.000005
2 0.000005
5 0.000005
7 0.000005
4 0.000006
1 0.000006
0 0.000004
6 0.000004
3 0.000005
2 0.000006
5 0.000005
7 0.000005
4 0.000006
1 0.000005
0 0.000004
6 0.000004
3 0.000005
2 0.000005
5 0.000005
7 0.000005
4 0.000006
1 0.000005
0 0.000004
6 0.000004
3 0.000006
2 0.000006
5 0.000005
7 0.000005
4 0.000005
1 0.000005
0 0.000004
6 0.000004
3 0.000005
2 0.000005
5 0.000005
7 0.000005
4 0.000006
1 0.000005
0 0.000004
6 0.000004
3 0.000006
2 0.000005
5 0.000005
7 0.000005
4 0.000004
1 0.000005
0 0.000003
6 0.000004
3 0.000004
5 0.000005
2 0.000005
7 0.000006
4 0.000006
1 0.000005
0 0.000004
6 0.000004
3 0.000005
5 0.000005
2 0.000005
7 0.000006
4 0.000005
1 0.000006
0 0.000004
6 0.000004
3 0.000004
5 0.000005
2 0.000005
4 0.000005
1 0.000006
0 0.000004
7 0.000006
6 0.000004
3 0.000005
5 0.000005
2 0.000004
4 0.000005
0 0.000004
7 0.000006
1 0.000005
6 0.000004
3 0.000005
5 0.000005
2 0.000005
0 0.000004
4 0.000005
7 0.000006
1 0.000005
3 0.000006
6 0.000004
5 0.000005
2 0.000005
0 0.000004
4 0.000005
7 0.000006
1 0.000005
3 0.000005
6 0.000004
5 0.000005
2 0.000005
0 0.000005
4 0.000005
7 0.000005
1 0.000005
3 0.000006
6 0.000004
5 0.000005
2 0.000005
0 0.000004
4 0.000005
7 0.000005
1 0.000005
3 0.000005
6 0.000004
5 0.000006
2 0.000005
0 0.000005
4 0.000006
7 0.000005
1 0.000005
3 0.000005
6 0.000004
5 0.000005
2 0.000005
0 0.000004
4 0.000005
7 0.000005
1 0.000005
3 0.000005
6 0.000005
5 0.000005
2 0.000005
0 0.000004
4 0.000005
7 0.000005
1 0.000005
3 0.000005
6 0.000004
5 0.000006
2 0.000005
0 0.000005
4 0.000005
7 0.000005
1 0.000005
3 0.000005
6 0.000004
5 0.000006
2 0.000006
0 0.000004
4 0.000005
7 0.000005
1 0.000005
3 0.000006
6 0.000004
5 0.000005
2 0.000005
4 0.000005
0 0.000004
7 0.000005
1 0.000005
3 0.000005
6 0.000004
5 0.000005
4 0.000005
0 0.000004
2 0.000005
7 0.000005
1 0.000005
3 0.000005
6 0.000004
5 0.000006
4 0.000005
0 0.000004
7 0.000006
2 0.000006
3 0.000005
1 0.000005
6 0.000004
5 0.000005
4 0.000005
0 0.000004
7 0.000005
1 0.000004
2 0.000418
3 0.000004
6 0.000003
5 0.000004
0 0.000003
7 0.000005
4 0.000004
1 0.000005
2 0.000006
3 0.000006
5 0.000005
6 0.000004
7 0.000005
0 0.000004
4 0.000006
2 0.000005
1 0.000006
3 0.000006
5 0.000005
6 0.000004
7 0.000005
0 0.000004
2 0.000005
4 0.000005
1 0.000005
3 0.000005
5 0.000006
6 0.000005
7 0.000005
0 0.000004
2 0.000006
4 0.000005
1 0.000005
3 0.000006
6 0.000005
5 0.000006
7 0.000005
0 0.000004
2 0.000005
4 0.000005
1 0.000005
6 0.000004
3 0.000005
5 0.000006
0 0.000004
7 0.000005
2 0.000005
4 0.000006
1 0.000005
6 0.000004
3 0.000005
0 0.000004
5 0.000006
7 0.000006
2 0.000005
4 0.000006
1 0.000005
6 0.000004
3 0.000005
0 0.000004
5 0.000005
7 0.000005
2 0.000004
4 0.000006
1 0.000005
6 0.000004
3 0.000005
0 0.000004
5 0.000005
7 0.000006
4 0.000006
1 0.000005
6 0.000004
2 0.000006
3 0.000004
0 0.000004
5 0.000005
4 0.000005
7 0.000006
1 0.000005
6 0.000004
2 0.000006
3 0.000005
0 0.000004
5 0.000005
4 0.000005
7 0.000006
1 0.000006
6 0.000005
2 0.000006
3 0.000005
0 0.000004
5 0.000005
4 0.000005
7 0.000005
1 0.000005
2 0.000006
3 0.000006
6 0.000004
0 0.000004
5 0.000005
4 0.000005
7 0.000005
1 0.000005
2 0.000006
3 0.000006
6 0.000004
0 0.000004
5 0.000005
4 0.000005
7 0.000005
2 0.000004
3 0.000005
6 0.000005
0 0.000004
1 0.000005
5 0.000005
4 0.000005
7 0.000005
3 0.000005
2 0.000005
0 0.000005
1 0.000006
6 0.000005
5 0.000006
4 0.000004
7 0.000004
3 0.000004
0 0.000004
2 0.000004
6 0.000004
1 0.000006
5 0.000005
4 0.000004
7 0.000005
3 0.000005
0 0.000005
2 0.000006
6 0.000004
1 0.000005
5 0.000006
4 0.000005
7 0.000005
3 0.000005
0 0.000005
2 0.000006
6 0.000004
5 0.000005
4 0.000005
1 0.000006
7 0.000005
3 0.000005
0 0.000004
2 0.000006
6 0.000005
4 0.000005
1 0.000005
7 0.000005
5 0.000005
3 0.000005
0 0.000004
2 0.000005
6 0.000005
4 0.000005
1 0.000005
7 0.000006
5 0.000006
3 0.000005
0 0.000005
2 0.000006
6 0.000004
4 0.000005
1 0.000006
7 0.000005
5 0.000005
3 0.000005
0 0.000004
2 0.000006
6 0.000004
4 0.000005
1 0.000006
7 0.000006
5 0.000005
3 0.000005
0 0.000004
2 0.000006
6 0.000005
4 0.000005
1 0.000004
7 0.000005
5 0.000005
3 0.000005
0 0.000004
2 0.000006
6 0.000004
4 0.000005
1 0.000005
7 0.000005
5 0.000005
3 0.000005
0 0.000004
6 0.000005
2 0.000006
4 0.000005
1 0.000005
7 0.000005
5 0.000006
3 0.000005
0 0.000004
6 0.000004
2 0.000005
4 0.000005
1 0.000005
7 0.000005
5 0.000005
3 0.000005
0 0.000004
6 0.000004
2 0.000005
4 0.000005
1 0.000005
7 0.000004
5 0.000005
3 0.000005
0 0.000004
6 0.000004
2 0.000005
4 0.000005
1 0.000005
7 0.000005
5 0.000005
3 0.000005
0 0.000004
6 0.000004
2 0.000004
4 0.000005
1 0.000005
7 0.000005
5 0.000005
3 0.000005
0 0.000004
6 0.000004
2 0.000004
4 0.000005
1 0.000006
7 0.000005
5 0.000005
3 0.000005
6 0.000004
0 0.000004
2 0.000005
4 0.000005
1 0.000005
7 0.000005
5 0.000005
3 0.000005
0 0.000004
6 0.000004
4 0.000005
2 0.000006
1 0.000005
7 0.000006
5 0.000006
3 0.000005
0 0.000004
6 0.000004
4 0.000005
2 0.000005
1 0.000006
5 0.000005
7 0.000006
3 0.000006
0 0.000004
6 0.000004
4 0.000004
2 0.000005
1 0.000005
5 0.000005
7 0.000005
3 0.000005
0 0.000004
6 0.000004
4 0.000005
2 0.000005
1 0.000005
5 0.000004
7 0.000005
0 0.000003
6 0.000004
3 0.000005
4 0.000005
2 0.000010
1 0.000011
5 0.000004
7 0.000005
0 0.000004
6 0.000004
4 0.000006
2 0.000005
1 0.000005
3 0.000005
5 0.000006
7 0.000005
0 0.000004
6 0.000004
2 0.000005
4 0.000005
1 0.000004
3 0.000005
5 0.000005
7 0.000005
0 0.000004
6 0.000004
2 0.000005
4 0.000005
1 0.000005
3 0.000004
5 0.000005
7 0.000004
0 0.000004
6 0.000004
2 0.000005
4 0.000005
1 0.000006
3 0.000005
5 0.000005
7 0.000005
0 0.000004
6 0.000004
2 0.000005
4 0.000005
1 0.000005
3 0.000005
5 0.000005
7 0.000004
0 0.000004
6 0.000004
2 0.000004
4 0.000005
1 0.000005
3 0.000005
5 0.000005
7 0.000005
0 0.000004
6 0.000004
2 0.000005
4 0.000005
1 0.000005
3 0.000004
5 0.000005
7 0.000005
6 0.000004
2 0.000004
1 0.000005
3 0.000005
5 0.000004
7 0.000006
6 0.000004
2 0.000005
5 0.000005
6 0.000004
2 0.000004
2 0.000005
