0 0.000008
1 0.000048
3 0.000051
0 0.000007
6 0.000051
0 0.000008
5 0.000008
7 0.000052
2 0.000052
0 0.000008
6 0.000010
4 0.000050
3 0.000019
1 0.000011
5 0.000007
7 0.000011
2 0.000011
0 0.000008
6 0.000010
4 0.000016
3 0.000016
1 0.000012
5 0.000007
2 0.000022
7 0.000027
6 0.000011
0 0.000008
4 0.000010
3 0.000011
5 0.000007
1 0.000011
2 0.000011
7 0.000011
6 0.000010
0 0.000008
4 0.000011
3 0.000011
5 0.000007
1 0.000011
2 0.000011
7 0.000011
0 0.000008
4 0.000010
6 0.000010
5 0.000007
3 0.000012
1 0.000011
2 0.000011
7 0.000011
0 0.000008
4 0.000010
5 0.000008
6 0.000010
3 0.000011
1 0.000011
2 0.000010
7 0.000011
0 0.000008
5 0.000007
4 0.000010
6 0.000011
3 0.000011
1 0.000011
2 0.000010
7 0.000011
0 0.000008
5 0.000007
4 0.000010
6 0.000011
3 0.000011
1 0.000011
2 0.000011
7 0.000011
0 0.000008
5 0.000008
4 0.000010
6 0.000011
3 0.000011
2 0.000010
1 0.000011
0 0.000009
5 0.000008
7 0.000011
4 0.000011
6 0.000010
3 0.000010
2 0.000010
0 0.000008
5 0.000008
1 0.000010
7 0.000012
4 0.000011
6 0.000011
3 0.000010
5 0.000008
1 0.000017
2 0.000010
4 0.000016
6 0.000019
7 0.000018
0 0.000009
3 0.000011
5 0.000007
2 0.000011
1 0.000010
7 0.000011
6 0.000011
4 0.000011
0 0.000008
3 0.000019
5 0.000007
2 0.000018
7 0.000014
6 0.000011
1 0.000011
4 0.000011
0 0.000020
5 0.000025
2 0.000011
3 0.000026
7 0.000011
1 0.000012
6 0.000011
4 0.000011
5 0.000007
0 0.000008
2 0.000011
3 0.000011
7 0.000012
1 0.000011
6 0.000011
5 0.000007
4 0.000012
0 0.000008
2 0.000010
3 0.000015
7 0.000010
1 0.000010
6 0.000011
5 0.000008
0 0.000008
2 0.000010
4 0.000010
3 0.000011
7 0.000011
1 0.000011
6 0.000011
5 0.000007
0 0.000008
2 0.000010
4 0.000010
7 0.000010
3 0.000010
1 0.000011
6 0.000011
5 0.000007
0 0.000008
2 0.000010
4 0.000009
7 0.000010
3 0.000010
1 0.000011
6 0.000011
5 0.000007
0 0.000008
2 0.000010
4 0.000010
7 0.000010
3 0.000010
1 0.000011
6 0.000011
5 0.000007
0 0.000007
2 0.000018
4 0.000016
7 0.000011
3 0.000011
1 0.000011
6 0.000011
5 0.000008
2 0.000011
0 0.000008
4 0.000011
7 0.000012
3 0.000011
1 0.000010
5 0.000007
6 0.000011
2 0.000011
4 0.000010
7 0.000011
0 0.000007
3 0.000011
1 0.000010
5 0.000007
6 0.000011
4 0.000011
2 0.000011
7 0.000011
0 0.000007
3 0.000010
5 0.000007
1 0.000010
6 0.000010
4 0.000011
2 0.000011
0 0.000007
7 0.000010
5 0.000007
3 0.000010
1 0.000011
6 0.000011
4 0.000011
0 0.000007
2 0.000010
5 0.000007
7 0.000026
3 0.000017
1 0.000013
6 0.000011
4 0.000011
0 0.000007
2 0.000010
5 0.000008
3 0.000010
1 0.000012
7 0.000011
4 0.000010
6 0.000011
0 0.000007
2 0.000010
5 0.000007
3 0.000017
1 0.000010
7 0.000010
4 0.000010
0 0.000007
6 0.000010
2 0.000010
5 0.000007
3 0.000010
1 0.000010
7 0.000010
0 0.000007
4 0.000017
6 0.000011
2 0.000010
5 0.000007
3 0.000011
1 0.000010
7 0.000010
0 0.000007
4 0.000010
6 0.000010
2 0.000010
5 0.000007
3 0.000010
1 0.000011
7 0.000010
0 0.000008
4 0.000010
6 0.000015
2 0.000011
5 0.000007
3 0.000010
1 0.000018
7 0.000010
4 0.000010
0 0.000008
6 0.000010
5 0.000007
2 0.000010
3 0.000010
1 0.000010
7 0.000010
0 0.000008
4 0.000009
6 0.000011
5 0.000007
2 0.000010
3 0.000010
1 0.000011
7 0.000010
0 0.000008
4 0.000010
6 0.000010
5 0.000007
2 0.000010
3 0.000010
1 0.000010
0 0.000007
7 0.000010
4 0.000010
6 0.000011
5 0.000007
2 0.000010
3 0.000010
1 0.000010
0 0.000007
7 0.000010
4 0.000010
5 0.000007
6 0.000011
2 0.000010
3 0.000010
1 0.000010
0 0.000007
7 0.000010
4 0.000010
5 0.000007
6 0.000011
2 0.000010
3 0.000010
1 0.000010
0 0.000007
7 0.000010
4 0.000010
5 0.000007
6 0.000010
2 0.000010
3 0.000010
1 0.000010
0 0.000007
7 0.000010
4 0.000011
5 0.000007
6 0.000010
2 0.000010
3 0.000010
0 0.000007
7 0.000010
4 0.000011
5 0.000008
1 0.000010
6 0.000011
2 0.000010
0 0.000007
3 0.000014
7 0.000010
5 0.000007
4 0.000010
1 0.000011
6 0.000010
2 0.000010
3 0.000010
0 0.000007
7 0.000012
5 0.000007
4 0.000011
1 0.000011
6 0.000009
2 0.000010
3 0.000010
0 0.000007
5 0.000008
7 0.000011
4 0.000010
1 0.000010
6 0.000010
2 0.000010
3 0.000010
5 0.000007
7 0.000010
0 0.000007
4 0.000011
1 0.000010
6 0.000011
2 0.000010
5 0.000007
7 0.000011
3 0.000010
0 0.000007
4 0.000011
1 0.000011
6 0.000019
2 0.000010
5 0.000007
7 0.000011
3 0.000015
0 0.000007
1 0.000010
4 0.000011
2 0.000010
5 0.000008
6 0.000010
7 0.000011
3 0.000011
0 0.000007
1 0.000010
4 0.000011
5 0.000008
6 0.000011
7 0.000011
2 0.000010
0 0.000008
3 0.000011
1 0.000010
4 0.000011
5 0.000007
6 0.000010
7 0.000011
2 0.000011
0 0.000007
3 0.000011
1 0.000010
4 0.000011
5 0.000008
6 0.000011
7 0.000011
2 0.000010
0 0.000007
3 0.000010
1 0.000010
4 0.000010
5 0.000008
6 0.000010
7 0.000011
0 0.000007
2 0.000010
3 0.000010
1 0.000018
5 0.000008
4 0.000014
6 0.000012
7 0.000010
0 0.000007
2 0.000010
3 0.000010
1 0.000010
4 0.000012
5 0.000008
6 0.000012
0 0.000007
7 0.000011
2 0.000011
3 0.000009
1 0.000011
4 0.000011
5 0.000007
6 0.000011
7 0.000011
2 0.000010
3 0.000010
0 0.000008
1 0.000010
4 0.000010
6 0.000011
5 0.000007
2 0.000011
3 0.000010
7 0.000011
0 0.000007
1 0.000010
6 0.000010
4 0.000010
5 0.000007
2 0.000010
7 0.000011
0 0.000008
3 0.000010
1 0.000010
5 0.000007
6 0.000017
4 0.000017
2 0.000010
7 0.000011
0 0.000007
1 0.000010
3 0.000010
5 0.000007
6 0.000010
4 0.000010
2 0.000010
7 0.000011
0 0.000007
1 0.000010
3 0.000011
5 0.000008
6 0.000010
4 0.000010
2 0.000010
0 0.000007
7 0.000010
5 0.000008
1 0.000010
3 0.000011
6 0.000011
4 0.000010
0 0.000007
2 0.000010
7 0.000011
5 0.000008
1 0.000010
3 0.000010
6 0.000010
4 0.000010
0 0.000007
2 0.000011
7 0.000011
5 0.000007
1 0.000010
3 0.000010
6 0.000010
4 0.000010
0 0.000007
5 0.000008
7 0.000019
1 0.000010
2 0.000018
3 0.000010
6 0.000021
4 0.000010
5 0.000007
0 0.000008
1 0.000019
7 0.000019
2 0.000011
6 0.000011
3 0.000017
5 0.000007
4 0.000009
0 0.000008
1 0.000010
2 0.000011
3 0.000011
5 0.000007
6 0.000010
0 0.000007
4 0.000024
7 0.000011
1 0.000013
2 0.000010
5 0.000007
3 0.000010
0 0.000008
6 0.000010
4 0.000011
7 0.000010
1 0.000011
2 0.000021
5 0.000007
3 0.000010
0 0.000008
6 0.000009
4 0.000010
7 0.000010
1 0.000010
2 0.000011
5 0.000007
3 0.000010
0 0.000008
6 0.000010
4 0.000010
7 0.000010
1 0.000010
2 0.000010
5 0.000007
0 0.000008
3 0.000018
6 0.000011
7 0.000010
4 0.000010
1 0.000010
2 0.000010
5 0.000008
0 0.000009
3 0.000010
6 0.000010
7 0.000010
4 0.000011
1 0.000010
2 0.000010
5 0.000008
0 0.000008
3 0.000018
6 0.000012
7 0.000011
4 0.000011
1 0.000010
5 0.000008
0 0.000008
3 0.000010
2 0.000010
6 0.000011
7 0.000011
4 0.000011
1 0.000010
5 0.000008
3 0.000010
2 0.000010
0 0.000008
6 0.000011
7 0.000012
4 0.000010
1 0.000010
3 0.000010
5 0.000007
0 0.000007
2 0.000009
7 0.000011
6 0.000010
4 0.000010
1 0.000010
3 0.000010
0 0.000007
5 0.000008
7 0.000011
2 0.000011
6 0.000011
4 0.000011
1 0.000010
3 0.000010
0 0.000008
5 0.000008
7 0.000011
2 0.000010
6 0.000010
4 0.000011
1 0.000010
0 0.000008
5 0.000008
3 0.000010
7 0.000011
2 0.000010
6 0.000011
4 0.000011
1 0.000010
5 0.000007
0 0.000008
3 0.000010
7 0.000011
2 0.000011
6 0.000018
4 0.000011
1 0.000011
5 0.000007
0 0.000007
3 0.000019
7 0.000017
2 0.000011
6 0.000010
5 0.000007
4 0.000011
1 0.000011
0 0.000008
3 0.000010
7 0.000010
2 0.000011
6 0.000010
5 0.000012
4 0.000011
1 0.000011
0 0.000008
3 0.000010
7 0.000010
2 0.000010
6 0.000010
5 0.000012
4 0.000011
1 0.000011
0 0.000009
3 0.000010
7 0.000010
2 0.000011
6 0.000010
5 0.000012
1 0.000010
0 0.000008
4 0.000011
3 0.000011
7 0.000011
2 0.000010
6 0.000010
1 0.000010
0 0.000008
5 0.000012
4 0.000011
7 0.000010
3 0.000011
2 0.000010
6 0.000018
1 0.000009
0 0.000008
5 0.000012
4 0.000011
7 0.000010
3 0.000011
2 0.000010
6 0.000012
1 0.000007
0 0.000008
5 0.000012
4 0.000011
7 0.000007
3 0.000008
2 0.000013
6 0.000012
1 0.000008
0 0.000008
5 0.000011
7 0.000007
3 0.000007
4 0.000012
2 0.000012
1 0.000008
6 0.000013
0 0.000008
7 0.000007
5 0.000012
3 0.000007
4 0.000013
1 0.000007
0 0.000007
6 0.000021
2 0.000012
7 0.000008
3 0.000007
5 0.000012
4 0.000012
0 0.000007
1 0.000007
6 0.000020
7 0.000007
3 0.000007
2 0.000021
5 0.000013
4 0.000012
1 0.000007
0 0.000007
7 0.000007
3 0.000007
6 0.000012
2 0.000013
5 0.000012
4 0.000012
1 0.000007
0 0.000007
7 0.000007
3 0.000007
6 0.000012
2 0.000012
5 0.000012
4 0.000012
0 0.000007
1 0.000007
3 0.000007
7 0.000007
6 0.000012
2 0.000012
5 0.000012
0 0.000008
4 0.000012
3 0.000008
1 0.000007
7 0.000007
6 0.000011
2 0.000012
5 0.000013
0 0.000008
4 0.000012
3 0.000008
1 0.000007
7 0.000007
6 0.000011
2 0.000012
0 0.000008
5 0.000013
3 0.000008
4 0.000013
7 0.000010
1 0.000007
6 0.000012
2 0.000018
3 0.000007
7 0.000007
1 0.000007
0 0.000008
5 0.000008
6 0.000013
4 0.000012
2 0.000012
7 0.000007
3 0.000007
1 0.000007
0 0.000008
5 0.000008
6 0.000012
4 0.000013
2 0.000012
7 0.000007
3 0.000007
1 0.000007
0 0.000008
5 0.000008
6 0.000012
4 0.000012
2 0.000012
7 0.000007
3 0.000008
1 0.000008
0 0.000009
5 0.000009
2 0.000053
4 0.000058
6 0.000084
0 0.000007
5 0.000010
2 0.000014
7 0.000087
0 0.000008
5 0.000007
4 0.000068
3 0.000162
7 0.000025
0 0.000007
1 0.000140
6 0.000051
5 0.000007
4 0.000013
0 0.000007
7 0.000021
3 0.000022
1 0.000011
2 0.000058
5 0.000007
6 0.000010
0 0.000007
5 0.000007
7 0.000010
3 0.000010
2 0.000011
6 0.000012
1 0.000011
0 0.000007
4 0.000040
5 0.000007
7 0.000010
3 0.000010
6 0.000010
2 0.000011
0 0.000007
1 0.000011
4 0.000016
5 0.000007
7 0.000009
0 0.000007
2 0.000010
3 0.000011
1 0.000011
6 0.000010
5 0.000006
4 0.000012
7 0.000010
0 0.000007
2 0.000010
3 0.000010
1 0.000010
5 0.000007
6 0.000010
4 0.000010
7 0.000009
0 0.000007
2 0.000010
3 0.000010
1 0.000010
5 0.000007
6 0.000010
4 0.000010
7 0.000010
0 0.000007
2 0.000010
3 0.000010
1 0.000010
5 0.000015
6 0.000011
7 0.000010
0 0.000007
4 0.000010
2 0.000010
3 0.000010
1 0.000010
5 0.000008
6 0.000010
7 0.000010
4 0.000010
2 0.000011
0 0.000007
3 0.000010
1 0.000011
5 0.000008
6 0.000010
7 0.000009
4 0.000009
0 0.000007
2 0.000010
3 0.000011
5 0.000007
1 0.000011
6 0.000009
7 0.000010
4 0.000010
0 0.000007
2 0.000010
3 0.000010
5 0.000007
1 0.000010
6 0.000010
7 0.000010
0 0.000007
4 0.000010
2 0.000011
5 0.000007
3 0.000011
1 0.000009
7 0.000009
6 0.000009
0 0.000007
4 0.000010
2 0.000010
5 0.000007
3 0.000018
1 0.000010
7 0.000010
0 0.000007
6 0.000009
2 0.000010
4 0.000010
5 0.000007
1 0.000010
3 0.000011
7 0.000010
0 0.000007
6 0.000009
2 0.000010
4 0.000010
5 0.000007
1 0.000009
3 0.000011
7 0.000009
0 0.000007
6 0.000011
2 0.000010
4 0.000009
5 0.000007
1 0.000009
0 0.000007
7 0.000010
3 0.000010
5 0.000007
6 0.000010
4 0.000017
2 0.000016
0 0.000007
7 0.000017
1 0.000027
3 0.000018
5 0.000007
6 0.000009
4 0.000010
2 0.000010
0 0.000007
7 0.000010
5 0.000007
1 0.000010
3 0.000011
6 0.000011
4 0.000010
2 0.000009
0 0.000007
7 0.000011
5 0.000007
1 0.000010
3 0.000011
6 0.000010
4 0.000010
2 0.000010
0 0.000007
7 0.000011
5 0.000007
1 0.000010
3 0.000011
6 0.000010
4 0.000011
0 0.000007
2 0.000010
7 0.000010
5 0.000007
1 0.000010
3 0.000010
6 0.000009
4 0.000010
0 0.000007
5 0.000008
2 0.000018
7 0.000018
1 0.000010
3 0.000010
6 0.000009
4 0.000010
0 0.000007
5 0.000008
2 0.000011
7 0.000011
1 0.000010
3 0.000010
6 0.000009
4 0.000010
0 0.000008
5 0.000007
2 0.000011
7 0.000010
1 0.000010
3 0.000011
6 0.000010
0 0.000008
4 0.000010
5 0.000007
2 0.000010
7 0.000010
1 0.000010
3 0.000011
6 0.000010
0 0.000008
5 0.000007
4 0.000010
2 0.000010
7 0.000010
1 0.000010
3 0.000011
6 0.000009
5 0.000008
4 0.000009
2 0.000019
0 0.000008
7 0.000027
1 0.000017
3 0.000016
5 0.000007
4 0.000010
6 0.000010
2 0.000010
0 0.000008
1 0.000010
7 0.000011
3 0.000010
5 0.000007
4 0.000011
6 0.000010
0 0.000008
2 0.000010
7 0.000010
1 0.000010
3 0.000010
5 0.000007
4 0.000009
0 0.000008
6 0.000010
2 0.000011
7 0.000011
1 0.000010
5 0.000007
3 0.000010
4 0.000009
0 0.000008
6 0.000010
2 0.000010
7 0.000010
1 0.000010
5 0.000007
3 0.000010
4 0.000009
0 0.000008
6 0.000010
2 0.000010
7 0.000010
5 0.000007
1 0.000010
3 0.000010
4 0.000010
0 0.000008
6 0.000009
2 0.000010
7 0.000010
5 0.000007
1 0.000010
3 0.000010
4 0.000009
0 0.000008
6 0.000009
2 0.000010
5 0.000007
7 0.000010
1 0.000010
3 0.000010
4 0.000010
6 0.000010
0 0.000008
2 0.000011
5 0.000007
7 0.000011
1 0.000015
3 0.000010
4 0.000010
5 0.000008
6 0.000009
2 0.000010
7 0.000010
0 0.000009
1 0.000010
3 0.000010
4 0.000009
5 0.000007
7 0.000010
0 0.000008
6 0.000009
2 0.000010
1 0.000009
4 0.000011
3 0.000011
0 0.000008
5 0.000008
7 0.000010
2 0.000011
6 0.000010
1 0.000010
4 0.000009
3 0.000011
0 0.000008
5 0.000008
7 0.000011
2 0.000011
6 0.000010
1 0.000010
4 0.000010
3 0.000018
5 0.000008
0 0.000008
2 0.000011
7 0.000011
6 0.000010
1 0.000011
4 0.000010
3 0.000010
5 0.000007
0 0.000009
2 0.000010
7 0.000011
6 0.000010
1 0.000010
4 0.000010
3 0.000011
5 0.000007
0 0.000008
2 0.000010
7 0.000009
6 0.000010
1 0.000011
5 0.000007
3 0.000011
4 0.000011
0 0.000009
2 0.000010
7 0.000009
6 0.000009
5 0.000007
1 0.000011
3 0.000011
4 0.000011
2 0.000010
7 0.000019
5 0.000007
0 0.000008
1 0.000018
6 0.000018
3 0.000012
7 0.000010
4 0.000017
5 0.000007
0 0.000007
2 0.000010
6 0.000010
1 0.000019
3 0.000009
7 0.000009
4 0.000009
0 0.000007
5 0.000008
2 0.000010
6 0.000009
1 0.000010
3 0.000010
7 0.000010
4 0.000010
0 0.000007
2 0.000010
6 0.000010
5 0.000007
1 0.000015
3 0.000011
4 0.000009
7 0.000010
2 0.000010
0 0.000007
6 0.000010
5 0.000008
1 0.000010
3 0.000010
4 0.000011
7 0.000010
2 0.000010
5 0.000008
6 0.000009
0 0.000007
1 0.000010
3 0.000010
4 0.000011
7 0.000010
5 0.000007
2 0.000009
6 0.000010
0 0.000008
1 0.000010
3 0.000018
4 0.000018
7 0.000011
5 0.000007
2 0.000016
0 0.000007
6 0.000010
1 0.000012
3 0.000010
7 0.000009
5 0.000007
4 0.000010
2 0.000009
0 0.000007
6 0.000009
1 0.000010
3 0.000010
5 0.000007
4 0.000010
7 0.000010
0 0.000007
6 0.000010
2 0.000010
1 0.000010
3 0.000010
5 0.000007
4 0.000010
7 0.000010
0 0.000007
6 0.000010
2 0.000010
1 0.000010
3 0.000009
5 0.000007
4 0.000011
7 0.000010
0 0.000007
6 0.000017
2 0.000010
1 0.000010
5 0.000007
3 0.000011
4 0.000011
0 0.000007
7 0.000009
6 0.000009
2 0.000009
1 0.000009
3 0.000017
4 0.000012
5 0.000007
7 0.000011
0 0.000007
6 0.000010
2 0.000009
1 0.000010
3 0.000011
4 0.000011
5 0.000007
7 0.000010
0 0.000007
6 0.000010
2 0.000009
1 0.000009
3 0.000010
5 0.000007
4 0.000010
0 0.000007
7 0.000009
2 0.000011
6 0.000010
1 0.000010
3 0.000010
5 0.000007
4 0.000009
7 0.000011
2 0.000010
6 0.000010
0 0.000007
1 0.000010
3 0.000010
5 0.000007
4 0.000009
0 0.000007
7 0.000018
2 0.000018
6 0.000015
1 0.000011
3 0.000018
5 0.000007
4 0.000009
0 0.000007
7 0.000010
2 0.000011
6 0.000010
1 0.000011
5 0.000007
3 0.000010
4 0.000010
0 0.000007
7 0.000010
2 0.000010
6 0.000010
1 0.000010
5 0.000007
3 0.000010
4 0.000011
0 0.000007
7 0.000010
2 0.000011
6 0.000010
5 0.000007
3 0.000010
1 0.000010
0 0.000007
4 0.000025
7 0.000017
2 0.000013
5 0.000007
6 0.000010
3 0.000011
0 0.000007
4 0.000011
1 0.000010
5 0.000012
2 0.000016
6 0.000010
3 0.000010
7 0.000016
0 0.000007
4 0.000009
1 0.000009
2 0.000010
5 0.000008
6 0.000010
3 0.000010
7 0.000015
4 0.000015
0 0.000007
1 0.000009
2 0.000009
5 0.000007
6 0.000009
3 0.000010
7 0.000010
4 0.000010
0 0.000007
1 0.000010
2 0.000009
5 0.000007
6 0.000010
3 0.000011
7 0.000010
0 0.000007
4 0.000010
1 0.000010
2 0.000009
5 0.000008
6 0.000010
3 0.000010
0 0.000007
7 0.000010
4 0.000018
1 0.000019
2 0.000010
5 0.000007
6 0.000010
0 0.000007
3 0.000011
7 0.000010
5 0.000008
4 0.000010
2 0.000011
1 0.000010
6 0.000010
0 0.000007
3 0.000010
7 0.000010
5 0.000007
4 0.000009
2 0.000011
1 0.000010
6 0.000010
0 0.000007
3 0.000010
7 0.000010
5 0.000013
2 0.000011
1 0.000010
4 0.000009
0 0.000007
6 0.000011
3 0.000010
7 0.000015
5 0.000012
2 0.000013
0 0.000007
6 0.000010
4 0.000011
3 0.000010
1 0.000014
7 0.000010
5 0.000012
2 0.000010
0 0.000007
6 0.000010
3 0.000011
1 0.000010
7 0.000010
5 0.000012
4 0.000011
0 0.000007
2 0.000013
6 0.000010
3 0.000009
1 0.000010
7 0.000010
5 0.000012
4 0.000009
0 0.000008
2 0.000010
6 0.000010
3 0.000010
1 0.000010
7 0.000010
5 0.000012
0 0.000007
4 0.000009
2 0.000009
6 0.000011
3 0.000010
1 0.000010
7 0.000010
5 0.000012
0 0.000007
4 0.000009
6 0.000010
2 0.000009
3 0.000011
1 0.000011
7 0.000010
0 0.000007
5 0.000013
4 0.000010
6 0.000010
2 0.000010
3 0.000011
1 0.000010
7 0.000010
0 0.000476
5 0.000482
6 0.000011
4 0.000010
2 0.000010
3 0.000011
1 0.000010
7 0.000010
0 0.000008
5 0.000013
6 0.000010
4 0.000010
2 0.000017
1 0.000011
0 0.000008
3 0.000017
7 0.000013
5 0.000013
6 0.000010
4 0.000010
2 0.000010
0 0.000007
1 0.000011
3 0.000010
7 0.000013
5 0.000012
6 0.000010
4 0.000010
0 0.000007
2 0.000010
1 0.000011
3 0.000012
7 0.000012
5 0.000012
6 0.000012
0 0.000007
4 0.000009
1 0.000007
3 0.000012
7 0.000012
2 0.000012
5 0.000013
0 0.000008
6 0.000012
1 0.000008
4 0.000010
3 0.000013
7 0.000013
2 0.000013
5 0.000013
0 0.000009
1 0.000007
6 0.000013
4 0.000016
3 0.000013
7 0.000012
2 0.000012
0 0.000008
1 0.000007
6 0.000013
4 0.000013
3 0.000013
5 0.000051
7 0.000013
2 0.000014
1 0.000007
6 0.000012
3 0.000013
4 0.000016
7 0.000013
5 0.000019
2 0.000020
1 0.000007
6 0.000011
3 0.000012
7 0.000013
4 0.000018
2 0.000013
5 0.000019
1 0.000007
6 0.000012
3 0.000012
7 0.000013
1 0.000007
2 0.000014
4 0.000018
5 0.000019
6 0.000013
3 0.000012
1 0.000007
7 0.000012
2 0.000013
4 0.000018
5 0.000018
6 0.000013
3 0.000013
1 0.000007
7 0.000012
2 0.000013
4 0.000018
6 0.000013
3 0.000013
1 0.000007
7 0.000012
2 0.000013
4 0.000013
6 0.000013
3 0.000013
1 0.000008
7 0.000012
2 0.000013
4 0.000013
6 0.000013
1 0.000008
3 0.000013
7 0.000012
2 0.000012
1 0.000007
4 0.000012
6 0.000014
3 0.000013
2 0.000011
1 0.000007
4 0.000012
6 0.000013
3 0.000013
2 0.000011
4 0.000012
6 0.000012
2 0.000011
4 0.000011
4 0.000012
4 0.000011
4 0.000011
