6 0.000074
5 0.000071
0 0.000077
7 0.000075
3 0.000071
6 0.000061
2 0.000074
5 0.000060
4 0.000072
1 0.000071
0 0.000060
7 0.000060
3 0.000060
6 0.000061
2 0.000060
5 0.000060
4 0.000060
1 0.000060
0 0.000061
7 0.000060
3 0.000061
6 0.000061
2 0.000061
5 0.000060
4 0.000060
1 0.000061
0 0.000061
7 0.000061
3 0.000061
6 0.000061
2 0.000061
5 0.000060
4 0.000060
1 0.000061
0 0.000061
7 0.000060
3 0.000060
6 0.000060
2 0.000061
5 0.000060
4 0.000060
1 0.000062
0 0.000060
7 0.000060
3 0.000061
6 0.000061
2 0.000061
5 0.000061
4 0.000060
1 0.000060
0 0.000060
7 0.000061
3 0.000061
6 0.000061
2 0.000061
5 0.000061
4 0.000061
1 0.000061
0 0.000060
7 0.000060
3 0.000060
6 0.000061
2 0.000060
5 0.000061
4 0.000060
1 0.000061
0 0.000061
7 0.000060
3 0.000060
6 0.000060
2 0.000061
5 0.000061
4 0.000060
1 0.000061
0 0.000061
7 0.000061
3 0.000061
6 0.000061
2 0.000061
5 0.000061
4 0.000060
1 0.000059
0 0.000061
7 0.000061
3 0.000061
6 0.000061
2 0.000060
5 0.000062
4 0.000060
1 0.000060
0 0.000060
7 0.000060
3 0.000061
6 0.000060
2 0.000060
5 0.000062
4 0.000060
1 0.000060
0 0.000060
7 0.000060
3 0.000061
6 0.000060
2 0.000061
5 0.000061
4 0.000061
1 0.000071
0 0.000070
7 0.000067
6 0.000069
3 0.000079
2 0.000077
4 0.000061
1 0.000061
0 0.000060
5 0.000061
7 0.000060
6 0.000060
3 0.000061
2 0.000061
4 0.000060
1 0.000060
0 0.000060
5 0.000061
7 0.000060
6 0.000060
3 0.000061
2 0.000061
4 0.000060
1 0.000060
0 0.000060
5 0.000060
7 0.000060
6 0.000060
3 0.000061
2 0.000061
4 0.000060
1 0.000060
0 0.000059
5 0.000060
7 0.000059
6 0.000059
3 0.000060
2 0.000061
4 0.000060
1 0.000060
0 0.000059
5 0.000061
7 0.000060
6 0.000060
3 0.000060
2 0.000061
4 0.000060
1 0.000060
0 0.000060
5 0.000060
7 0.000060
6 0.000060
3 0.000060
2 0.000061
4 0.000060
1 0.000060
0 0.000060
5 0.000061
7 0.000059
6 0.000060
3 0.000060
2 0.000060
4 0.000060
1 0.000060
0 0.000060
5 0.000061
7 0.000059
6 0.000061
3 0.000060
2 0.000061
4 0.000060
1 0.000061
0 0.000060
5 0.000061
7 0.000060
6 0.000060
3 0.000060
2 0.000061
4 0.000061
1 0.000061
0 0.000060
5 0.000060
7 0.000060
6 0.000061
3 0.000061
2 0.000061
4 0.000060
1 0.000061
0 0.000060
5 0.000060
7 0.000059
6 0.000060
3 0.000060
2 0.000061
4 0.000060
1 0.000061
0 0.000059
5 0.000060
6 0.000061
3 0.000060
7 0.000060
2 0.000060
4 0.000060
1 0.000061
0 0.000060
5 0.000060
6 0.000061
3 0.000061
7 0.000060
2 0.000061
4 0.000060
1 0.000065
0 0.000067
5 0.000068
6 0.000068
3 0.000067
7 0.000068
2 0.000067
4 0.000060
1 0.000060
0 0.000060
5 0.000061
6 0.000060
3 0.000061
7 0.000061
2 0.000060
4 0.000060
1 0.000061
0 0.000060
5 0.000061
6 0.000061
3 0.000060
7 0.000061
2 0.000060
4 0.000060
1 0.000060
0 0.000060
5 0.000061
6 0.000060
3 0.000060
7 0.000061
2 0.000060
4 0.000059
1 0.000060
0 0.000060
5 0.000061
6 0.000061
3 0.000060
7 0.000060
2 0.000060
4 0.000060
1 0.000060
0 0.000060
5 0.000061
6 0.000061
3 0.000060
7 0.000061
2 0.000060
4 0.000061
1 0.000060
0 0.000061
5 0.000061
6 0.000061
3 0.000060
7 0.000061
2 0.000060
4 0.000059
1 0.000060
0 0.000061
5 0.000061
6 0.000061
3 0.000060
7 0.000060
2 0.000060
4 0.000060
1 0.000060
0 0.000061
5 0.000061
6 0.000060
3 0.000059
7 0.000061
2 0.000061
4 0.000061
1 0.000060
0 0.000060
5 0.000061
6 0.000061
3 0.000061
7 0.000061
2 0.000061
4 0.000060
1 0.000061
0 0.000061
5 0.000061
6 0.000060
3 0.000060
7 0.000061
2 0.000060
4 0.000060
1 0.000060
0 0.000060
5 0.000061
6 0.000059
3 0.000060
7 0.000061
2 0.000060
4 0.000060
1 0.000061
0 0.000061
5 0.000061
6 0.000061
3 0.000061
7 0.000060
2 0.000060
4 0.000061
1 0.000060
0 0.000061
5 0.000061
6 0.000060
3 0.000060
7 0.000060
2 0.000060
4 0.000060
1 0.000060
0 0.000067
5 0.000066
6 0.000066
3 0.000066
7 0.000068
4 0.000065
2 0.000067
0 0.000060
1 0.000061
5 0.000060
6 0.000061
3 0.000060
4 0.000060
7 0.000061
2 0.000060
1 0.000060
0 0.000061
6 0.000061
3 0.000060
5 0.000061
4 0.000061
7 0.000061
2 0.000060
1 0.000061
0 0.000061
6 0.000061
3 0.000061
5 0.000060
4 0.000061
7 0.000060
2 0.000061
1 0.000060
0 0.000060
6 0.000061
3 0.000060
5 0.000061
4 0.000060
7 0.000060
2 0.000060
1 0.000061
0 0.000061
6 0.000061
3 0.000061
5 0.000061
4 0.000061
7 0.000060
2 0.000061
1 0.000060
0 0.000060
6 0.000060
3 0.000061
5 0.000061
4 0.000061
7 0.000060
2 0.000061
1 0.000060
0 0.000061
6 0.000061
3 0.000061
5 0.000060
4 0.000060
7 0.000060
2 0.000061
1 0.000060
0 0.000061
6 0.000060
3 0.000060
5 0.000060
4 0.000061
7 0.000060
2 0.000061
1 0.000060
0 0.000060
6 0.000060
3 0.000060
5 0.000061
4 0.000061
7 0.000061
2 0.000060
1 0.000060
0 0.000060
6 0.000059
3 0.000061
5 0.000061
4 0.000060
7 0.000060
2 0.000061
1 0.000060
0 0.000060
6 0.000060
3 0.000060
5 0.000061
4 0.000061
7 0.000060
2 0.000060
1 0.000060
0 0.000061
6 0.000060
3 0.000060
5 0.000060
4 0.000061
7 0.000060
2 0.000061
1 0.000060
0 0.000060
6 0.000060
3 0.000061
5 0.000061
4 0.000060
7 0.000061
2 0.000067
1 0.000068
0 0.000068
6 0.000066
3 0.000066
4 0.000065
5 0.000073
7 0.000066
2 0.000060
1 0.000060
0 0.000059
6 0.000060
3 0.000061
4 0.000060
5 0.000061
7 0.000060
2 0.000060
1 0.000060
0 0.000060
6 0.000060
3 0.000060
4 0.000059
5 0.000060
7 0.000060
2 0.000061
1 0.000060
0 0.000060
6 0.000060
3 0.000061
4 0.000060
5 0.000061
7 0.000060
2 0.000059
1 0.000061
0 0.000060
6 0.000060
3 0.000061
4 0.000060
5 0.000061
7 0.000061
2 0.000060
1 0.000060
0 0.000060
6 0.000060
3 0.000060
4 0.000060
5 0.000061
7 0.000061
2 0.000060
1 0.000060
0 0.000060
6 0.000060
3 0.000061
4 0.000060
5 0.000060
7 0.000061
2 0.000060
1 0.000060
0 0.000061
6 0.000060
3 0.000061
4 0.000061
5 0.000060
7 0.000060
2 0.000061
1 0.000060
0 0.000060
6 0.000060
3 0.000061
4 0.000061
5 0.000060
7 0.000060
2 0.000061
1 0.000061
0 0.000061
6 0.000060
3 0.000060
4 0.000061
5 0.000060
7 0.000060
2 0.000061
1 0.000060
0 0.000060
6 0.000061
3 0.000061
4 0.000060
5 0.000060
7 0.000060
2 0.000061
1 0.000061
0 0.000060
6 0.000061
3 0.000061
4 0.000060
5 0.000060
7 0.000060
2 0.000061
1 0.000060
0 0.000060
6 0.000060
3 0.000060
4 0.000060
5 0.000060
7 0.000060
2 0.000060
1 0.000059
0 0.000059
6 0.000061
3 0.000061
4 0.000060
5 0.000061
7 0.000059
2 0.000060
1 0.000065
0 0.000066
6 0.000065
3 0.000065
4 0.000065
5 0.000067
7 0.000068
2 0.000060
1 0.000060
0 0.000060
6 0.000060
3 0.000061
4 0.000061
5 0.000061
7 0.000061
2 0.000061
1 0.000059
0 0.000061
6 0.000060
3 0.000060
4 0.000060
5 0.000061
7 0.000060
2 0.000060
1 0.000060
0 0.000060
6 0.000061
3 0.000061
4 0.000060
5 0.000061
7 0.000060
2 0.000061
1 0.000060
0 0.000060
6 0.000061
3 0.000061
4 0.000060
5 0.000059
7 0.000059
2 0.000060
1 0.000060
0 0.000061
6 0.000060
4 0.000060
3 0.000062
5 0.000060
7 0.000060
2 0.000061
1 0.000060
0 0.000061
6 0.000060
4 0.000060
3 0.000060
5 0.000061
7 0.000061
2 0.000060
1 0.000060
0 0.000061
6 0.000060
4 0.000060
3 0.000060
5 0.000060
7 0.000060
2 0.000060
1 0.000060
0 0.000060
6 0.000061
4 0.000060
3 0.000060
5 0.000060
7 0.000060
2 0.000060
1 0.000061
0 0.000060
6 0.000060
4 0.000060
3 0.000060
5 0.000061
7 0.000060
2 0.000059
1 0.000061
0 0.000060
6 0.000061
4 0.000060
3 0.000060
5 0.000060
7 0.000060
2 0.000061
1 0.000060
0 0.000061
6 0.000060
4 0.000060
3 0.000060
5 0.000060
7 0.000060
2 0.000060
1 0.000061
0 0.000060
6 0.000061
4 0.000060
3 0.000061
5 0.000060
7 0.000060
2 0.000060
1 0.000060
0 0.000060
6 0.000060
4 0.000060
3 0.000060
5 0.000060
7 0.000060
2 0.000060
1 0.000060
0 0.000060
6 0.000067
4 0.000065
3 0.000072
7 0.000069
2 0.000066
5 0.000075
1 0.000060
0 0.000060
6 0.000060
4 0.000060
3 0.000060
7 0.000060
2 0.000061
5 0.000060
1 0.000060
0 0.000061
6 0.000059
4 0.000060
3 0.000059
7 0.000060
2 0.000060
5 0.000060
1 0.000060
0 0.000060
6 0.000059
4 0.000060
3 0.000060
7 0.000060
2 0.000060
5 0.000060
1 0.000060
0 0.000060
6 0.000060
4 0.000061
3 0.000060
7 0.000060
2 0.000060
5 0.000061
1 0.000060
0 0.000060
6 0.000060
4 0.000060
3 0.000060
7 0.000060
2 0.000060
5 0.000061
1 0.000060
0 0.000060
6 0.000060
4 0.000060
3 0.000060
7 0.000060
2 0.000060
5 0.000061
1 0.000060
0 0.000060
6 0.000060
4 0.000060
3 0.000060
7 0.000060
2 0.000059
5 0.000060
1 0.000061
0 0.000060
6 0.000060
4 0.000060
3 0.000060
7 0.000061
2 0.000059
5 0.000060
1 0.000061
0 0.000060
6 0.000060
4 0.000060
3 0.000060
7 0.000060
2 0.000060
5 0.000060
1 0.000060
0 0.000060
6 0.000059
4 0.000060
3 0.000060
7 0.000061
2 0.000060
5 0.000061
1 0.000061
0 0.000060
6 0.000060
4 0.000060
3 0.000060
7 0.000060
2 0.000060
5 0.000060
1 0.000061
0 0.000060
6 0.000060
4 0.000060
3 0.000060
7 0.000060
2 0.000060
5 0.000061
1 0.000061
0 0.000060
6 0.000060
4 0.000060
3 0.000060
7 0.000060
2 0.000061
5 0.000061
1 0.000061
0 0.000060
6 0.000060
4 0.000060
3 0.000066
7 0.000068
2 0.000068
5 0.000067
1 0.000068
0 0.000069
4 0.000060
3 0.000059
6 0.000061
7 0.000060
2 0.000061
5 0.000060
1 0.000061
0 0.000061
3 0.000060
6 0.000060
4 0.000060
7 0.000060
2 0.000061
5 0.000060
1 0.000060
3 0.000060
0 0.000060
6 0.000060
3 0.000060
0 0.000060
6 0.000060
3 0.000060
0 0.000061
6 0.000059
3 0.000060
0 0.000060
6 0.000060
3 0.000059
0 0.000061
6 0.000060
3 0.000060
0 0.000060
6 0.000060
3 0.000060
0 0.000060
6 0.000060
3 0.000059
0 0.000061
6 0.000059
3 0.000060
0 0.000061
6 0.000059
3 0.000060
0 0.000059
6 0.000060
3 0.000060
0 0.000060
6 0.000060
3 0.000060
0 0.000066
6 0.000064
3 0.000064
0 0.000060
6 0.000059
3 0.000060
0 0.000060
6 0.000060
3 0.000060
0 0.000061
6 0.000061
3 0.000060
0 0.000060
6 0.000060
3 0.000060
0 0.000060
6 0.000060
3 0.000060
0 0.000060
6 0.000060
3 0.000060
0 0.000060
6 0.000060
3 0.000060
0 0.000059
6 0.000059
3 0.000060
0 0.000060
6 0.000060
3 0.000061
0 0.000060
6 0.000059
3 0.000060
0 0.000060
6 0.000060
3 0.000060
0 0.000060
6 0.000060
3 0.000060
0 0.000060
6 0.000059
3 0.000060
0 0.000060
6 0.000060
3 0.000067
0 0.000065
6 0.000066
3 0.000061
0 0.000060
6 0.000060
3 0.000059
0 0.000060
6 0.000060
3 0.000060
0 0.000060
6 0.000060
3 0.000059
0 0.000060
6 0.000061
3 0.000060
0 0.000060
6 0.000061
3 0.000060
0 0.000060
6 0.000060
3 0.000060
0 0.000060
6 0.000060
3 0.000060
0 0.000060
6 0.000061
3 0.000060
0 0.000060
6 0.000061
3 0.000060
0 0.000060
6 0.000060
3 0.000060
0 0.000060
6 0.000060
3 0.000060
0 0.000061
6 0.000061
3 0.000061
0 0.000061
6 0.000061
3 0.000065
0 0.000064
6 0.000065
3 0.000059
6 0.000060
3 0.000061
6 0.000059
3 0.000060
6 0.000059
3 0.000059
6 0.000060
3 0.000060
6 0.000060
3 0.000060
6 0.000060
3 0.000060
6 0.000060
3 0.000060
6 0.000061
3 0.000060
6 0.000060
3 0.000060
6 0.000060
3 0.000060
6 0.000060
3 0.000060
6 0.000060
3 0.000060
6 0.000060
3 0.000060
6 0.000063
3 0.000064
6 0.000060
3 0.000060
6 0.000059
3 0.000061
6 0.000060
3 0.000060
6 0.000060
3 0.000060
6 0.000061
3 0.000060
6 0.000060
3 0.000060
6 0.000059
3 0.000060
6 0.000060
3 0.000060
6 0.000059
3 0.000060
6 0.000060
3 0.000060
6 0.000060
3 0.000060
6 0.000060
3 0.000060
6 0.000060
3 0.000060
6 0.000060
3 0.000064
6 0.000063
3 0.000060
6 0.000061
3 0.000060
6 0.000061
3 0.000061
6 0.000060
3 0.000060
6 0.000060
3 0.000061
6 0.000060
3 0.000061
6 0.000060
3 0.000061
6 0.000061
3 0.000060
6 0.000061
3 0.000060
6 0.000061
3 0.000060
6 0.000060
3 0.000061
6 0.000061
3 0.000061
6 0.000061
3 0.000060
6 0.000060
3 0.000065
6 0.000063
3 0.000060
6 0.000059
3 0.000060
6 0.000060
3 0.000061
6 0.000061
3 0.000060
6 0.000060
3 0.000061
6 0.000061
3 0.000060
6 0.000060
3 0.000060
6 0.000060
3 0.000060
6 0.000060
3 0.000061
6 0.000060
3 0.000060
6 0.000060
3 0.000059
6 0.000060
3 0.000060
6 0.000061
3 0.000059
6 0.000059
3 0.000060
6 0.000063
3 0.000059
6 0.000061
3 0.000060
