5 0.000007
2 0.000007
3 0.000007
0 0.000007
6 0.000007
5 0.000008
7 0.000007
4 0.000007
3 0.000007
2 0.000008
1 0.000007
0 0.000007
6 0.000007
5 0.000007
7 0.000007
3 0.000007
4 0.000007
2 0.000007
1 0.000007
0 0.000006
6 0.000007
5 0.000007
7 0.000007
3 0.000007
4 0.000007
2 0.000007
1 0.000006
0 0.000007
6 0.000007
5 0.000007
7 0.000007
3 0.000007
4 0.000007
2 0.000007
1 0.000007
0 0.000006
6 0.000007
5 0.000007
7 0.000007
4 0.000007
2 0.000007
3 0.000008
1 0.000007
0 0.000007
6 0.000007
5 0.000007
7 0.000007
4 0.000007
2 0.000007
3 0.000008
1 0.000008
0 0.000007
6 0.000015
5 0.000006
7 0.000005
4 0.000006
2 0.000006
3 0.000006
1 0.000005
0 0.000006
6 0.000007
5 0.000007
7 0.000007
4 0.000008
2 0.000007
3 0.000007
1 0.000008
0 0.000007
6 0.000007
5 0.000008
7 0.000007
4 0.000007
2 0.000007
3 0.000008
1 0.000007
0 0.000007
6 0.000007
5 0.000007
7 0.000007
4 0.000008
2 0.000007
3 0.000008
1 0.000007
0 0.000007
6 0.000007
5 0.000007
7 0.000007
4 0.000007
2 0.000007
3 0.000008
1 0.000008
0 0.000007
6 0.000008
5 0.000007
7 0.000007
2 0.000007
4 0.000008
3 0.000008
1 0.000008
0 0.000007
6 0.000007
5 0.000008
7 0.000007
2 0.000008
4 0.000008
3 0.000008
1 0.000007
0 0.000007
6 0.000008
5 0.000008
7 0.000007
2 0.000007
4 0.000009
3 0.000008
1 0.000008
0 0.000007
6 0.000007
5 0.000008
7 0.000007
2 0.000007
4 0.000008
3 0.000007
0 0.000008
1 0.000008
6 0.000008
5 0.000008
7 0.000007
2 0.000007
4 0.000007
3 0.000008
0 0.000008
1 0.000008
5 0.000009
7 0.000007
6 0.000008
2 0.000007
4 0.000007
3 0.000008
0 0.000007
5 0.000007
1 0.000007
7 0.000007
6 0.000008
2 0.000007
4 0.000007
3 0.000007
0 0.000008
5 0.000007
1 0.000007
7 0.000008
6 0.000007
2 0.000007
4 0.000007
3 0.000008
0 0.000008
5 0.000007
1 0.000007
7 0.000007
6 0.000007
2 0.000007
4 0.000007
3 0.000008
0 0.000013
5 0.000012
1 0.000005
7 0.000005
6 0.000004
2 0.000006
4 0.000005
3 0.000007
0 0.000008
5 0.000008
1 0.000006
7 0.000007
6 0.000008
2 0.000007
4 0.000007
3 0.000007
0 0.000007
5 0.000008
1 0.000007
7 0.000007
6 0.000007
2 0.000007
4 0.000007
3 0.000008
0 0.000008
5 0.000008
1 0.000007
7 0.000007
6 0.000007
2 0.000006
4 0.000008
3 0.000007
0 0.000008
5 0.000008
1 0.000007
7 0.000007
6 0.000007
2 0.000007
4 0.000007
3 0.000007
0 0.000008
5 0.000008
1 0.000007
7 0.000007
6 0.000007
2 0.000007
4 0.000008
3 0.000007
0 0.000007
5 0.000008
1 0.000007
7 0.000007
6 0.000007
2 0.000007
4 0.000007
3 0.000007
0 0.000008
5 0.000008
1 0.000007
7 0.000007
6 0.000007
2 0.000007
4 0.000007
3 0.000007
0 0.000007
5 0.000008
1 0.000007
7 0.000007
6 0.000006
2 0.000007
4 0.000007
3 0.000007
0 0.000007
5 0.000007
1 0.000007
7 0.000007
6 0.000007
2 0.000007
4 0.000007
3 0.000007
0 0.000007
5 0.000008
1 0.000008
7 0.000007
6 0.000007
2 0.000007
4 0.000007
3 0.000007
0 0.000007
5 0.000007
1 0.000007
7 0.000008
6 0.000007
2 0.000007
4 0.000007
3 0.000007
0 0.000007
5 0.000008
1 0.000007
7 0.000007
6 0.000006
2 0.000007
4 0.000007
3 0.000008
0 0.000008
5 0.000008
1 0.000007
7 0.000008
6 0.000007
2 0.000007
4 0.000007
3 0.000007
0 0.000011
5 0.000007
1 0.000007
6 0.000005
7 0.000005
2 0.000006
4 0.000006
3 0.000008
0 0.000008
5 0.000008
1 0.000007
6 0.000007
7 0.000007
2 0.000006
4 0.000007
3 0.000008
0 0.000007
5 0.000008
1 0.000007
6 0.000007
7 0.000007
2 0.000007
4 0.000007
3 0.000008
0 0.000008
5 0.000008
1 0.000007
6 0.000007
7 0.000007
2 0.000007
4 0.000007
3 0.000007
0 0.000007
5 0.000007
1 0.000007
6 0.000007
7 0.000007
2 0.000007
4 0.000007
3 0.000008
0 0.000007
5 0.000008
1 0.000007
6 0.000007
7 0.000007
2 0.000007
4 0.000007
3 0.000007
0 0.000007
5 0.000008
1 0.000007
6 0.000007
7 0.000007
2 0.000007
4 0.000007
3 0.000008
0 0.000007
5 0.000007
1 0.000007
6 0.000007
7 0.000007
2 0.000006
4 0.000007
3 0.000007
0 0.000007
5 0.000008
1 0.000008
6 0.000007
7 0.000007
2 0.000007
4 0.000007
3 0.000007
0 0.000007
5 0.000007
1 0.000007
6 0.000007
7 0.000008
2 0.000007
4 0.000007
3 0.000006
0 0.000007
5 0.000008
1 0.000007
6 0.000007
7 0.000007
2 0.000007
4 0.000007
3 0.000008
0 0.000008
5 0.000008
1 0.000007
6 0.000007
7 0.000007
2 0.000007
4 0.000007
3 0.000008
0 0.000008
5 0.000008
1 0.000007
6 0.000007
7 0.000007
2 0.000008
4 0.000007
3 0.000008
0 0.000008
5 0.000008
1 0.000006
6 0.000007
7 0.000007
2 0.000007
4 0.000012
0 0.000005
5 0.000007
3 0.000011
6 0.000005
7 0.000006
1 0.000006
2 0.000006
4 0.000006
0 0.000008
3 0.000008
6 0.000008
5 0.000008
7 0.000008
1 0.000007
2 0.000007
4 0.000007
0 0.000006
3 0.000007
6 0.000008
5 0.000008
7 0.000008
1 0.000007
2 0.000007
4 0.000007
0 0.000008
3 0.000008
6 0.000008
5 0.000009
7 0.000007
1 0.000007
2 0.000006
4 0.000007
0 0.000007
3 0.000007
6 0.000007
5 0.000008
7 0.000008
1 0.000008
2 0.000007
4 0.000007
0 0.000007
3 0.000008
6 0.000008
5 0.000009
7 0.000007
1 0.000007
2 0.000006
4 0.000007
0 0.000007
3 0.000008
6 0.000008
5 0.000008
7 0.000007
1 0.000008
2 0.000007
4 0.000007
0 0.000007
3 0.000008
6 0.000007
5 0.000008
7 0.000008
1 0.000007
2 0.000007
4 0.000007
0 0.000007
3 0.000007
6 0.000007
5 0.000008
7 0.000007
1 0.000007
2 0.000007
4 0.000007
0 0.000007
3 0.000007
6 0.000007
5 0.000008
7 0.000008
1 0.000008
2 0.000008
4 0.000007
0 0.000007
3 0.000007
6 0.000007
7 0.000007
5 0.000008
1 0.000007
2 0.000008
4 0.000007
0 0.000007
3 0.000007
6 0.000007
7 0.000008
5 0.000007
1 0.000007
2 0.000008
4 0.000007
0 0.000006
3 0.000007
6 0.000007
7 0.000007
5 0.000008
2 0.000007
1 0.000007
4 0.000007
0 0.000007
3 0.000007
6 0.000007
7 0.000007
2 0.000007
1 0.000006
5 0.000007
4 0.000011
0 0.000005
3 0.000005
7 0.000006
6 0.000004
2 0.000006
1 0.000006
5 0.000006
4 0.000007
0 0.000007
3 0.000007
7 0.000008
6 0.000007
2 0.000006
1 0.000007
5 0.000006
4 0.000008
0 0.000007
3 0.000006
7 0.000007
6 0.000007
2 0.000007
1 0.000007
5 0.000007
4 0.000007
0 0.000007
3 0.000007
7 0.000007
6 0.000007
2 0.000007
1 0.000006
5 0.000007
4 0.000008
0 0.000007
3 0.000007
7 0.000007
6 0.000007
2 0.000007
1 0.000007
5 0.000007
4 0.000008
0 0.000008
3 0.000007
7 0.000008
6 0.000007
2 0.000006
1 0.000006
5 0.000007
4 0.000008
0 0.000007
3 0.000007
7 0.000007
6 0.000007
2 0.000007
1 0.000007
5 0.000007
4 0.000007
0 0.000007
3 0.000007
7 0.000007
6 0.000007
2 0.000007
1 0.000006
5 0.000007
4 0.000008
0 0.000007
3 0.000007
7 0.000007
6 0.000007
2 0.000007
1 0.000007
5 0.000007
4 0.000007
0 0.000008
3 0.000007
7 0.000007
6 0.000007
2 0.000007
1 0.000007
5 0.000007
4 0.000007
0 0.000006
3 0.000007
7 0.000006
6 0.000007
2 0.000007
1 0.000007
5 0.000007
4 0.000007
0 0.000007
3 0.000007
7 0.000007
6 0.000007
2 0.000007
1 0.000006
5 0.000007
4 0.000007
0 0.000007
3 0.000007
7 0.000007
6 0.000007
2 0.000007
1 0.000006
5 0.000008
4 0.000007
0 0.000007
3 0.000007
7 0.000007
6 0.000007
2 0.000007
1 0.000006
5 0.000006
4 0.000013
0 0.000005
3 0.000006
7 0.000005
6 0.000005
2 0.000006
1 0.000006
5 0.000006
4 0.000007
0 0.000007
3 0.000007
7 0.000008
6 0.000008
2 0.000008
1 0.000006
5 0.000007
4 0.000007
0 0.000006
3 0.000007
7 0.000007
6 0.000007
2 0.000008
1 0.000007
5 0.000007
4 0.000007
0 0.000007
3 0.000007
7 0.000007
6 0.000007
2 0.000007
1 0.000007
5 0.000007
4 0.000007
0 0.000006
3 0.000007
7 0.000007
6 0.000007
2 0.000008
1 0.000007
5 0.000007
4 0.000007
0 0.000007
3 0.000007
7 0.000007
6 0.000007
2 0.000008
1 0.000007
5 0.000007
0 0.000006
4 0.000007
3 0.000007
7 0.000008
6 0.000007
2 0.000008
1 0.000007
5 0.000007
0 0.000007
4 0.000007
7 0.000007
3 0.000007
6 0.000006
2 0.000007
1 0.000007
5 0.000007
0 0.000006
7 0.000007
4 0.000009
3 0.000007
6 0.000007
2 0.000008
1 0.000007
5 0.000007
0 0.000006
7 0.000007
4 0.000008
3 0.000008
6 0.000008
2 0.000008
1 0.000006
5 0.000007
0 0.000006
7 0.000007
4 0.000008
3 0.000007
6 0.000007
2 0.000007
1 0.000007
5 0.000008
0 0.000007
7 0.000007
4 0.000007
3 0.000008
6 0.000008
2 0.000007
1 0.000007
5 0.000007
0 0.000007
7 0.000006
4 0.000008
3 0.000007
6 0.000008
2 0.000008
1 0.000006
5 0.000008
0 0.000006
7 0.000007
4 0.000007
3 0.000007
2 0.000008
6 0.000008
1 0.000007
5 0.000007
0 0.000011
7 0.000005
4 0.000006
2 0.000006
3 0.000006
6 0.000005
1 0.000006
5 0.000006
0 0.000006
7 0.000007
4 0.000007
2 0.000007
3 0.000008
6 0.000008
1 0.000008
5 0.000008
0 0.000006
7 0.000007
4 0.000007
2 0.000008
3 0.000007
6 0.000007
1 0.000008
5 0.000008
0 0.000006
7 0.000007
4 0.000007
2 0.000007
3 0.000008
6 0.000007
1 0.000007
5 0.000007
0 0.000006
7 0.000007
4 0.000007
2 0.000007
3 0.000008
6 0.000007
1 0.000007
5 0.000008
0 0.000007
7 0.000007
4 0.000007
2 0.000007
3 0.000008
6 0.000008
1 0.000008
5 0.000007
0 0.000006
7 0.000007
4 0.000007
2 0.000007
3 0.000007
6 0.000007
1 0.000008
5 0.000008
0 0.000007
7 0.000007
4 0.000007
2 0.000006
3 0.000007
6 0.000007
1 0.000008
5 0.000007
0 0.000006
7 0.000007
4 0.000007
2 0.000007
3 0.000007
6 0.000007
1 0.000008
5 0.000008
0 0.000006
7 0.000007
4 0.000007
2 0.000006
3 0.000008
6 0.000007
1 0.000007
5 0.000007
0 0.000007
4 0.000007
2 0.000007
1 0.000007
5 0.000007
0 0.000007
2 0.000007
5 0.000006
0 0.000006
2 0.000006
5 0.000007
0 0.000007
2 0.000005
5 0.000007
0 0.000006
2 0.000006
5 0.000005
0 0.000006
2 0.000006
5 0.000006
0 0.000006
2 0.000007
5 0.000007
0 0.000006
2 0.000006
5 0.000007
0 0.000006
2 0.000007
5 0.000006
0 0.000007
2 0.000006
5 0.000006
0 0.000006
2 0.000007
5 0.000007
0 0.000006
2 0.000006
5 0.000007
0 0.000006
2 0.000007
5 0.000007
0 0.000007
2 0.000006
5 0.000007
0 0.000006
2 0.000006
5 0.000007
0 0.000007
2 0.000007
5 0.000007
0 0.000006
2 0.000007
5 0.000007
0 0.000007
2 0.000007
5 0.000007
0 0.000006
2 0.000007
5 0.000006
0 0.000005
2 0.000005
5 0.000007
0 0.000006
2 0.000007
5 0.000007
0 0.000007
2 0.000006
5 0.000007
0 0.000006
2 0.000007
5 0.000007
0 0.000006
2 0.000006
5 0.000006
0 0.000006
2 0.000007
5 0.000007
0 0.000007
2 0.000006
5 0.000006
0 0.000006
2 0.000006
5 0.000007
0 0.000006
2 0.000006
5 0.000006
0 0.000007
2 0.000006
5 0.000007
0 0.000007
2 0.000006
5 0.000006
0 0.000006
2 0.000007
5 0.000006
0 0.000007
2 0.000007
5 0.000007
0 0.000006
2 0.000007
5 0.000007
0 0.000006
2 0.000005
5 0.000005
0 0.000006
2 0.000007
5 0.000007
0 0.000007
2 0.000006
5 0.000007
0 0.000006
2 0.000007
5 0.000006
0 0.000007
2 0.000007
5 0.000006
0 0.000006
2 0.000007
5 0.000007
0 0.000007
2 0.000006
5 0.000006
0 0.000007
2 0.000006
5 0.000007
2 0.000007
5 0.000006
2 0.000006
5 0.000007
2 0.000006
5 0.000006
2 0.000007
5 0.000007
2 0.000006
5 0.000399
2 0.000005
5 0.000006
2 0.000006
5 0.000007
2 0.000007
5 0.000007
2 0.000006
5 0.000006
2 0.000006
5 0.000007
2 0.000006
5 0.000006
2 0.000007
5 0.000007
2 0.000006
5 0.000007
2 0.000006
5 0.000007
2 0.000006
5 0.000006
2 0.000006
5 0.000006
2 0.000006
5 0.000006
2 0.000006
5 0.000007
2 0.000006
5 0.000007
2 0.000007
5 0.000006
2 0.000006
5 0.000006
2 0.000007
5 0.000007
2 0.000006
5 0.000007
2 0.000007
5 0.000007
2 0.000006
5 0.000006
2 0.000006
5 0.000007
2 0.000007
5 0.000006
2 0.000007
5 0.000007
2 0.000006
5 0.000006
2 0.000006
5 0.000005
2 0.000006
5 0.000006
2 0.000006
5 0.000007
2 0.000006
5 0.000006
2 0.000006
5 0.000006
2 0.000006
5 0.000007
2 0.000006
5 0.000007
2 0.000006
5 0.000007
2 0.000007
5 0.000007
2 0.000006
5 0.000006
2 0.000007
5 0.000006
2 0.000007
5 0.000007
2 0.000007
5 0.000007
2 0.000006
5 0.000006
2 0.000007
5 0.000005
2 0.000005
5 0.000006
2 0.000007
5 0.000007
2 0.000007
5 0.000006
2 0.000007
5 0.000007
2 0.000006
5 0.000006
2 0.000006
5 0.000007
2 0.000006
5 0.000006
2 0.000007
5 0.000006
2 0.000007
5 0.000007
2 0.000007
5 0.000007
2 0.000005
5 0.000007
2 0.000007
5 0.000007
2 0.000006
5 0.000007
2 0.000007
5 0.000007
