7 0.000004
4 0.000003
3 0.000004
1 0.000005
6 0.000006
2 0.000004
4 0.000002
5 0.000005
0 0.000005
3 0.000002
7 0.000002
1 0.000002
6 0.000002
4 0.000002
3 0.000002
2 0.000002
0 0.000002
7 0.000002
1 0.000002
6 0.000002
4 0.000002
3 0.000002
2 0.000002
0 0.000002
7 0.000002
1 0.000002
6 0.000002
4 0.000002
3 0.000002
2 0.000002
0 0.000002
7 0.000002
1 0.000002
6 0.000002
5 0.000002
4 0.000002
2 0.000002
3 0.000002
0 0.000002
7 0.000002
1 0.000002
6 0.000002
5 0.000002
4 0.000002
2 0.000002
0 0.000002
3 0.000002
7 0.000002
1 0.000002
6 0.000002
5 0.000002
4 0.000002
2 0.000002
0 0.000002
3 0.000003
1 0.000002
6 0.000002
7 0.000002
5 0.000002
4 0.000002
2 0.000002
0 0.000002
1 0.000002
3 0.000003
6 0.000002
7 0.000002
5 0.000002
4 0.000002
2 0.000002
0 0.000002
1 0.000002
3 0.000002
6 0.000002
7 0.000003
5 0.000002
4 0.000002
2 0.000002
0 0.000002
1 0.000002
3 0.000002
6 0.000002
7 0.000002
5 0.000002
4 0.000002
2 0.000002
0 0.000002
3 0.000002
1 0.000003
6 0.000002
7 0.000002
5 0.000002
4 0.000002
2 0.000002
0 0.000002
3 0.000002
1 0.000002
6 0.000002
7 0.000002
5 0.000002
4 0.000002
2 0.000002
0 0.000002
3 0.000002
1 0.000002
6 0.000002
7 0.000002
5 0.000002
4 0.000002
2 0.000002
0 0.000002
3 0.000002
6 0.000002
1 0.000002
7 0.000002
5 0.000002
4 0.000002
2 0.000002
0 0.000002
3 0.000002
6 0.000002
1 0.000002
7 0.000002
5 0.000002
4 0.000002
2 0.000002
0 0.000002
3 0.000002
6 0.000002
1 0.000003
5 0.000002
4 0.000002
7 0.000003
2 0.000002
0 0.000002
3 0.000002
6 0.000002
5 0.000002
4 0.000002
7 0.000002
1 0.000002
2 0.000002
0 0.000002
3 0.000002
6 0.000002
5 0.000002
7 0.000002
4 0.000002
1 0.000002
2 0.000002
0 0.000002
3 0.000002
6 0.000002
5 0.000002
7 0.000002
1 0.000002
4 0.000002
0 0.000002
3 0.000002
2 0.000002
6 0.000002
5 0.000002
1 0.000002
7 0.000002
4 0.000002
0 0.000002
3 0.000002
2 0.000002
6 0.000002
5 0.000002
1 0.000002
7 0.000003
4 0.000002
0 0.000002
3 0.000002
2 0.000003
6 0.000002
7 0.000002
5 0.000002
1 0.000003
4 0.000002
0 0.000002
3 0.000002
2 0.000002
6 0.000002
5 0.000002
7 0.000002
1 0.000002
4 0.000002
0 0.000002
3 0.000002
2 0.000002
6 0.000002
5 0.000002
7 0.000002
1 0.000002
4 0.000002
0 0.000002
3 0.000002
2 0.000002
6 0.000002
5 0.000002
7 0.000002
1 0.000002
4 0.000002
0 0.000002
3 0.000002
2 0.000002
6 0.000002
5 0.000002
7 0.000002
1 0.000002
4 0.000002
0 0.000002
3 0.000002
2 0.000002
6 0.000002
5 0.000002
7 0.000002
1 0.000002
4 0.000002
3 0.000002
0 0.000002
2 0.000002
6 0.000002
5 0.000002
7 0.000002
1 0.000002
3 0.000002
4 0.000002
0 0.000002
2 0.000002
6 0.000002
5 0.000002
7 0.000002
1 0.000002
3 0.000002
0 0.000002
2 0.000002
4 0.000002
6 0.000002
5 0.000002
7 0.000002
1 0.000002
3 0.000002
0 0.000002
2 0.000002
4 0.000002
6 0.000002
5 0.000002
7 0.000002
1 0.000002
3 0.000002
0 0.000002
2 0.000004
4 0.000002
6 0.000002
5 0.000002
7 0.000002
1 0.000002
3 0.000002
0 0.000002
2 0.000002
4 0.000002
6 0.000002
7 0.000002
5 0.000002
1 0.000002
3 0.000002
0 0.000002
2 0.000002
4 0.000002
6 0.000002
7 0.000002
5 0.000002
1 0.000002
3 0.000002
0 0.000002
2 0.000002
4 0.000002
6 0.000002
7 0.000002
5 0.000002
1 0.000002
3 0.000002
0 0.000002
2 0.000002
4 0.000002
6 0.000002
7 0.000002
5 0.000002
1 0.000002
3 0.000002
0 0.000002
2 0.000002
4 0.000002
6 0.000002
5 0.000002
7 0.000002
1 0.000002
3 0.000002
0 0.000002
2 0.000002
4 0.000002
6 0.000002
5 0.000002
7 0.000002
1 0.000002
3 0.000002
0 0.000002
2 0.000002
4 0.000002
6 0.000002
5 0.000002
7 0.000002
1 0.000002
3 0.000002
0 0.000002
2 0.000002
4 0.000002
6 0.000002
5 0.000002
7 0.000002
1 0.000002
3 0.000002
0 0.000002
2 0.000002
4 0.000002
6 0.000002
5 0.000002
7 0.000002
1 0.000002
3 0.000002
0 0.000002
2 0.000002
4 0.000002
6 0.000002
5 0.000002
7 0.000002
1 0.000002
3 0.000002
2 0.000002
4 0.000002
6 0.000002
7 0.000002
1 0.000002
0 0.000002
3 0.000002
2 0.000002
4 0.000002
6 0.000002
7 0.000002
1 0.000002
0 0.000002
3 0.000003
5 0.000002
2 0.000002
4 0.000002
6 0.000002
7 0.000002
1 0.000002
0 0.000002
3 0.000002
2 0.000002
5 0.000002
4 0.000002
6 0.000002
7 0.000009
1 0.000002
0 0.000002
3 0.000002
2 0.000002
5 0.000002
4 0.000002
6 0.000002
7 0.000002
1 0.000002
0 0.000002
3 0.000002
2 0.000002
5 0.000002
4 0.000002
6 0.000002
7 0.000002
1 0.000002
0 0.000002
3 0.000002
2 0.000002
5 0.000002
4 0.000002
6 0.000002
7 0.000002
1 0.000004
0 0.000002
3 0.000002
2 0.000002
5 0.000002
4 0.000003
6 0.000002
7 0.000002
1 0.000002
0 0.000002
3 0.000002
2 0.000003
4 0.000002
5 0.000003
6 0.000002
7 0.000002
1 0.000002
0 0.000002
3 0.000002
2 0.000002
4 0.000002
5 0.000002
6 0.000002
7 0.000002
1 0.000002
0 0.000002
3 0.000002
4 0.000002
2 0.000002
5 0.000002
6 0.000002
7 0.000002
1 0.000002
0 0.000002
3 0.000002
4 0.000002
2 0.000002
5 0.000002
6 0.000002
7 0.000002
1 0.000002
0 0.000002
3 0.000002
4 0.000002
2 0.000002
5 0.000002
6 0.000002
7 0.000002
1 0.000002
0 0.000002
3 0.000002
4 0.000002
2 0.000002
5 0.000002
6 0.000002
7 0.000002
1 0.000002
0 0.000002
3 0.000002
4 0.000002
2 0.000002
5 0.000002
6 0.000002
7 0.000002
1 0.000002
0 0.000002
3 0.000002
4 0.000002
2 0.000002
5 0.000002
6 0.000002
7 0.000002
1 0.000002
3 0.000002
0 0.000002
4 0.000002
2 0.000002
5 0.000002
6 0.000002
7 0.000002
1 0.000002
3 0.000002
0 0.000002
4 0.000002
2 0.000002
5 0.000002
6 0.000002
7 0.000002
1 0.000002
3 0.000002
0 0.000002
4 0.000002
2 0.000002
5 0.000002
6 0.000002
7 0.000002
1 0.000002
3 0.000002
0 0.000002
4 0.000002
2 0.000002
5 0.000002
6 0.000002
7 0.000002
1 0.000002
3 0.000002
0 0.000002
4 0.000002
2 0.000002
5 0.000002
6 0.000002
7 0.000002
1 0.000002
3 0.000002
0 0.000002
4 0.000002
2 0.000002
5 0.000002
6 0.000002
7 0.000002
1 0.000002
3 0.000002
0 0.000002
4 0.000002
2 0.000002
5 0.000002
6 0.000002
7 0.000002
1 0.000002
3 0.000002
0 0.000002
4 0.000002
2 0.000002
5 0.000002
6 0.000002
7 0.000002
1 0.000002
3 0.000002
4 0.000002
0 0.000002
2 0.000002
5 0.000002
6 0.000002
7 0.000002
1 0.000002
3 0.000002
4 0.000002
0 0.000002
2 0.000002
5 0.000002
6 0.000002
7 0.000002
1 0.000002
3 0.000002
4 0.000002
0 0.000002
2 0.000002
7 0.000002
6 0.000002
5 0.000002
1 0.000002
3 0.000002
4 0.000002
0 0.000002
2 0.000002
7 0.000002
6 0.000002
5 0.000002
1 0.000002
3 0.000002
4 0.000002
0 0.000002
2 0.000002
7 0.000002
6 0.000002
5 0.000002
1 0.000002
3 0.000002
4 0.000002
0 0.000002
2 0.000002
7 0.000002
6 0.000002
5 0.000002
1 0.000002
3 0.000002
4 0.000002
0 0.000002
2 0.000002
7 0.000002
6 0.000002
5 0.000002
1 0.000002
3 0.000002
4 0.000002
0 0.000002
2 0.000002
7 0.000002
6 0.000002
5 0.000002
1 0.000002
3 0.000002
4 0.000002
0 0.000002
2 0.000002
7 0.000002
6 0.000002
5 0.000002
1 0.000002
3 0.000002
4 0.000002
0 0.000002
2 0.000002
7 0.000002
6 0.000002
5 0.000002
1 0.000002
3 0.000002
4 0.000002
0 0.000002
2 0.000002
7 0.000002
6 0.000002
5 0.000002
1 0.000002
3 0.000002
4 0.000002
0 0.000002
2 0.000002
7 0.000002
6 0.000002
5 0.000002
1 0.000002
3 0.000002
4 0.000002
0 0.000002
2 0.000002
7 0.000002
6 0.000002
5 0.000002
1 0.000002
3 0.000002
4 0.000002
0 0.000002
2 0.000002
7 0.000002
6 0.000002
5 0.000002
1 0.000002
3 0.000002
4 0.000002
0 0.000002
2 0.000002
7 0.000002
6 0.000002
5 0.000002
1 0.000002
3 0.000002
4 0.000002
0 0.000002
2 0.000002
7 0.000002
6 0.000002
5 0.000002
1 0.000002
3 0.000002
4 0.000002
0 0.000002
2 0.000002
7 0.000002
6 0.000002
5 0.000002
1 0.000002
3 0.000002
4 0.000002
0 0.000002
2 0.000002
7 0.000002
6 0.000002
5 0.000002
1 0.000002
3 0.000002
4 0.000002
0 0.000002
2 0.000002
7 0.000002
6 0.000002
5 0.000002
1 0.000002
3 0.000002
4 0.000002
0 0.000002
2 0.000002
7 0.000002
6 0.000002
5 0.000002
1 0.000002
4 0.000002
3 0.000003
0 0.000002
2 0.000002
7 0.000002
6 0.000002
5 0.000002
4 0.000003
3 0.000002
0 0.000002
1 0.000003
7 0.000002
2 0.000002
6 0.000002
5 0.000002
4 0.000002
0 0.000002
3 0.000002
7 0.000002
1 0.000002
2 0.000002
6 0.000002
5 0.000002
4 0.000002
0 0.000002
3 0.000002
7 0.000002
1 0.000002
2 0.000002
6 0.000003
5 0.000002
4 0.000002
0 0.000003
7 0.000002
1 0.000002
2 0.000002
6 0.000002
3 0.000002
4 0.000002
0 0.000002
7 0.000002
1 0.000002
2 0.000002
6 0.000002
3 0.000002
4 0.000002
0 0.000002
7 0.000002
1 0.000002
2 0.000002
5 0.000002
3 0.000002
6 0.000002
4 0.000002
0 0.000002
7 0.000002
1 0.000002
3 0.000002
2 0.000002
5 0.000002
6 0.000002
4 0.000002
0 0.000002
7 0.000002
1 0.000002
3 0.000002
2 0.000002
5 0.000002
6 0.000002
4 0.000002
0 0.000002
7 0.000002
1 0.000002
3 0.000002
2 0.000002
5 0.000002
6 0.000002
4 0.000002
0 0.000002
7 0.000002
1 0.000002
3 0.000002
2 0.000002
6 0.000002
5 0.000003
4 0.000002
0 0.000002
7 0.000002
1 0.000002
3 0.000002
6 0.000002
2 0.000002
5 0.000002
4 0.000002
0 0.000002
7 0.000002
1 0.000002
3 0.000002
6 0.000002
2 0.000002
5 0.000002
4 0.000002
0 0.000002
7 0.000002
1 0.000002
3 0.000002
2 0.000002
5 0.000002
4 0.000002
0 0.000002
7 0.000002
3 0.000002
5 0.000002
4 0.000002
7 0.000002
3 0.000002
5 0.000002
4 0.000003
7 0.000002
3 0.000002
5 0.000002
4 0.000002
7 0.000002
3 0.000002
5 0.000002
4 0.000002
7 0.000002
3 0.000002
5 0.000002
4 0.000002
7 0.000002
3 0.000002
5 0.000002
4 0.000002
7 0.000002
3 0.000002
4 0.000002
7 0.000002
3 0.000002
4 0.000002
7 0.000002
3 0.000002
4 0.000002
7 0.000002
3 0.000002
4 0.000002
7 0.000002
3 0.000002
4 0.000002
7 0.000002
3 0.000002
4 0.000002
7 0.000002
3 0.000002
4 0.000002
7 0.000002
3 0.000002
4 0.000002
7 0.000002
3 0.000002
4 0.000002
7 0.000002
3 0.000002
4 0.000002
7 0.000002
3 0.000002
4 0.000002
7 0.000002
3 0.000002
4 0.000002
7 0.000002
3 0.000002
4 0.000002
7 0.000002
3 0.000002
4 0.000002
7 0.000002
3 0.000002
4 0.000002
7 0.000002
3 0.000002
4 0.000002
7 0.000002
3 0.000002
4 0.000002
7 0.000002
3 0.000002
4 0.000002
7 0.000002
3 0.000002
4 0.000002
7 0.000002
3 0.000002
4 0.000002
7 0.000002
3 0.000002
4 0.000002
7 0.000002
3 0.000002
4 0.000002
7 0.000002
3 0.000002
4 0.000002
7 0.000002
3 0.000002
4 0.000002
7 0.000002
3 0.000002
4 0.000002
7 0.000002
3 0.000003
4 0.000002
7 0.000002
3 0.000002
4 0.000002
7 0.000002
3 0.000002
4 0.000002
7 0.000002
3 0.000002
4 0.000002
7 0.000002
3 0.000002
4 0.000002
7 0.000002
3 0.000002
4 0.000002
7 0.000002
3 0.000002
4 0.000002
7 0.000002
3 0.000002
4 0.000002
7 0.000002
3 0.000019
4 0.000002
7 0.000002
4 0.000002
7 0.000002
4 0.000002
7 0.000002
4 0.000002
7 0.000002
4 0.000002
7 0.000002
4 0.000002
7 0.000002
4 0.000002
7 0.000002
4 0.000002
7 0.000002
4 0.000002
7 0.000002
4 0.000002
7 0.000002
4 0.000002
7 0.000002
4 0.000002
7 0.000002
4 0.000002
7 0.000002
4 0.000002
7 0.000002
4 0.000002
7 0.000002
4 0.000002
7 0.000002
4 0.000002
7 0.000002
4 0.000002
7 0.000002
4 0.000002
7 0.000002
4 0.000002
7 0.000002
4 0.000002
7 0.000002
4 0.000002
7 0.000002
4 0.000002
7 0.000002
4 0.000002
7 0.000002
4 0.000002
7 0.000002
4 0.000002
7 0.000002
4 0.000002
7 0.000002
4 0.000002
7 0.000002
4 0.000002
7 0.000002
4 0.000002
7 0.000002
4 0.000002
7 0.000002
4 0.000002
7 0.000002
4 0.000002
7 0.000002
4 0.000002
7 0.000002
4 0.000002
7 0.000002
4 0.000002
7 0.000002
4 0.000002
7 0.000002
4 0.000002
7 0.000002
4 0.000002
7 0.000002
4 0.000002
7 0.000002
4 0.000002
7 0.000002
4 0.000002
7 0.000002
4 0.000002
7 0.000002
4 0.000002
7 0.000002
4 0.000002
7 0.000002
4 0.000002
7 0.000002
4 0.000002
7 0.000002
4 0.000002
7 0.000002
4 0.000002
7 0.000002
4 0.000002
7 0.000002
4 0.000004
7 0.000002
4 0.000002
7 0.000002
4 0.000002
7 0.000002
4 0.000002
7 0.000002
4 0.000002
7 0.000002
4 0.000002
7 0.000002
4 0.000002
7 0.000002
4 0.000002
7 0.000002
4 0.000002
7 0.000002
