0 0.000236
3 0.000061
2 0.000048
1 0.000054
5 0.000056
0 0.000040
4 0.000076
6 0.000051
7 0.000051
0 0.000040
4 0.000040
2 0.000039
3 0.000040
1 0.000040
0 0.000040
5 0.000039
6 0.000040
4 0.000039
2 0.000039
7 0.000040
3 0.000039
0 0.000040
1 0.000039
5 0.000039
4 0.000039
6 0.000039
2 0.000052
7 0.000057
3 0.000056
0 0.000056
1 0.000053
5 0.000039
4 0.000040
6 0.000039
2 0.000039
0 0.000039
7 0.000039
3 0.000039
1 0.000039
4 0.000039
5 0.000039
6 0.000039
2 0.000039
0 0.000039
7 0.000039
3 0.000039
4 0.000039
1 0.000039
5 0.000039
6 0.000039
2 0.000039
0 0.000040
7 0.000039
3 0.000039
4 0.000039
1 0.000039
5 0.000039
6 0.000039
2 0.000039
0 0.000039
4 0.000039
7 0.000040
3 0.000039
1 0.000039
5 0.000039
6 0.000039
0 0.000039
2 0.000039
4 0.000039
7 0.000039
3 0.000039
1 0.000039
0 0.000039
5 0.000039
6 0.000039
2 0.000039
4 0.000039
7 0.000039
3 0.000039
0 0.000040
1 0.000039
6 0.000039
2 0.000039
4 0.000039
5 0.000039
7 0.000039
3 0.000039
0 0.000039
1 0.000039
2 0.000039
4 0.000039
6 0.000039
5 0.000039
7 0.000039
0 0.000040
3 0.000039
4 0.000039
2 0.000039
6 0.000039
1 0.000039
5 0.000039
7 0.000039
0 0.000039
3 0.000039
4 0.000039
2 0.000039
6 0.000039
1 0.000039
5 0.000039
0 0.000039
7 0.000039
3 0.000039
4 0.000039
2 0.000039
6 0.000039
1 0.000039
5 0.000039
0 0.000039
7 0.000039
4 0.000039
3 0.000039
2 0.000039
6 0.000039
1 0.000039
0 0.000040
5 0.000039
7 0.000039
3 0.000039
4 0.000039
2 0.000039
6 0.000039
0 0.000040
1 0.000039
5 0.000039
7 0.000039
4 0.000039
3 0.000039
2 0.000039
6 0.000039
0 0.000039
1 0.000039
5 0.000052
4 0.000051
7 0.000054
2 0.000039
6 0.000039
0 0.000040
3 0.000052
1 0.000039
5 0.000040
4 0.000039
2 0.000040
0 0.000040
7 0.000039
6 0.000039
3 0.000039
1 0.000039
5 0.000039
4 0.000039
0 0.000039
2 0.000039
7 0.000039
3 0.000039
6 0.000039
1 0.000039
4 0.000039
5 0.000039
0 0.000040
2 0.000039
3 0.000039
7 0.000039
6 0.000039
1 0.000039
5 0.000039
4 0.000039
0 0.000039
2 0.000039
3 0.000039
6 0.000040
7 0.000039
1 0.000039
5 0.000039
4 0.000039
0 0.000039
2 0.000039
6 0.000039
3 0.000039
7 0.000039
1 0.000039
5 0.000039
0 0.000039
4 0.000039
2 0.000039
6 0.000039
3 0.000039
7 0.000039
0 0.000039
5 0.000039
1 0.000039
4 0.000039
2 0.000039
6 0.000039
3 0.000039
7 0.000039
0 0.000040
5 0.000039
4 0.000039
1 0.000039
2 0.000039
6 0.000039
3 0.000039
0 0.000039
7 0.000039
4 0.000039
5 0.000039
1 0.000039
2 0.000039
6 0.000039
3 0.000039
0 0.000039
7 0.000039
4 0.000039
5 0.000039
2 0.000039
1 0.000039
6 0.000039
0 0.000040
3 0.000039
4 0.000039
7 0.000039
2 0.000039
5 0.000039
1 0.000039
6 0.000039
0 0.000040
4 0.000039
3 0.000039
7 0.000039
2 0.000039
5 0.000039
1 0.000039
6 0.000039
0 0.000039
4 0.000039
3 0.000039
7 0.000039
2 0.000039
5 0.000039
1 0.000039
6 0.000039
0 0.000039
4 0.000039
3 0.000039
7 0.000039
2 0.000039
5 0.000039
1 0.000039
6 0.000039
0 0.000051
4 0.000053
3 0.000053
7 0.000053
2 0.000039
5 0.000039
1 0.000039
6 0.000039
0 0.000039
4 0.000039
3 0.000039
7 0.000039
2 0.000039
5 0.000039
1 0.000039
6 0.000039
4 0.000039
0 0.000039
3 0.000039
2 0.000039
7 0.000039
5 0.000039
1 0.000039
4 0.000039
6 0.000040
0 0.000039
3 0.000039
2 0.000039
7 0.000039
4 0.000039
5 0.000039
1 0.000039
6 0.000039
0 0.000040
3 0.000039
2 0.000039
7 0.000039
4 0.000039
5 0.000039
1 0.000039
6 0.000039
0 0.000039
3 0.000039
2 0.000039
7 0.000039
4 0.000039
0 0.000040
6 0.000039
5 0.000039
1 0.000039
3 0.000039
2 0.000039
7 0.000039
4 0.000039
0 0.000039
6 0.000039
5 0.000039
1 0.000039
3 0.000039
2 0.000039
4 0.000039
7 0.000039
0 0.000039
6 0.000039
5 0.000039
1 0.000039
2 0.000039
3 0.000039
4 0.000039
7 0.000039
0 0.000039
6 0.000039
5 0.000039
1 0.000039
2 0.000039
3 0.000039
4 0.000039
0 0.000039
7 0.000039
6 0.000039
5 0.000039
1 0.000039
2 0.000039
4 0.000039
3 0.000039
0 0.000039
7 0.000039
6 0.000039
5 0.000039
1 0.000039
2 0.000039
3 0.000039
0 0.000039
4 0.000039
7 0.000039
6 0.000039
5 0.000039
1 0.000039
2 0.000039
0 0.000039
3 0.000039
4 0.000039
7 0.000039
6 0.000039
5 0.000039
1 0.000039
2 0.000039
0 0.000040
4 0.000039
7 0.000040
3 0.000039
5 0.000039
6 0.000039
1 0.000039
0 0.000040
4 0.000040
2 0.000039
7 0.000053
3 0.000055
5 0.000051
1 0.000039
6 0.000068
4 0.000039
7 0.000039
0 0.000040
2 0.000039
3 0.000039
5 0.000039
1 0.000039
4 0.000039
6 0.000039
0 0.000040
7 0.000039
2 0.000039
3 0.000039
5 0.000039
1 0.000039
4 0.000039
6 0.000039
0 0.000040
7 0.000039
2 0.000039
3 0.000039
5 0.000039
4 0.000039
1 0.000039
6 0.000039
0 0.000039
7 0.000039
2 0.000039
3 0.000039
5 0.000039
4 0.000039
1 0.000039
6 0.000039
0 0.000039
7 0.000039
2 0.000039
3 0.000039
5 0.000039
4 0.000039
1 0.000039
0 0.000040
6 0.000039
7 0.000039
2 0.000039
3 0.000039
5 0.000039
4 0.000039
1 0.000039
0 0.000039
6 0.000039
2 0.000039
7 0.000040
5 0.000039
3 0.000039
4 0.000039
1 0.000039
0 0.000040
6 0.000039
2 0.000039
7 0.000039
5 0.000039
3 0.000039
4 0.000040
0 0.000040
1 0.000039
6 0.000039
2 0.000039
7 0.000039
5 0.000040
4 0.000039
3 0.000039
0 0.000039
1 0.000039
6 0.000039
2 0.000039
7 0.000039
4 0.000039
5 0.000039
3 0.000039
0 0.000039
1 0.000039
6 0.000039
2 0.000039
7 0.000039
4 0.000039
5 0.000039
0 0.000040
3 0.000039
6 0.000039
2 0.000039
1 0.000039
7 0.000039
4 0.000039
0 0.000039
5 0.000039
3 0.000039
6 0.000040
2 0.000039
1 0.000039
7 0.000039
4 0.000039
0 0.000039
5 0.000039
3 0.000039
6 0.000039
2 0.000039
1 0.000039
7 0.000039
4 0.000039
0 0.000039
5 0.000039
3 0.000039
6 0.000054
2 0.000052
4 0.000053
1 0.000053
7 0.000054
0 0.000051
5 0.000039
3 0.000039
6 0.000039
2 0.000039
4 0.000039
1 0.000039
0 0.000039
7 0.000039
5 0.000039
3 0.000039
6 0.000039
2 0.000039
4 0.000039
0 0.000039
1 0.000039
7 0.000039
5 0.000039
3 0.000039
6 0.000039
4 0.000039
2 0.000039
0 0.000039
1 0.000039
7 0.000039
5 0.000039
3 0.000039
4 0.000039
2 0.000039
0 0.000039
6 0.000039
1 0.000039
7 0.000039
5 0.000039
3 0.000039
4 0.000039
2 0.000039
0 0.000039
6 0.000039
1 0.000039
7 0.000039
5 0.000039
3 0.000039
4 0.000039
0 0.000040
6 0.000039
2 0.000039
1 0.000039
7 0.000039
5 0.000039
3 0.000039
4 0.000039
0 0.000039
6 0.000039
2 0.000039
1 0.000039
7 0.000039
5 0.000039
3 0.000039
4 0.000039
0 0.000039
6 0.000039
2 0.000039
1 0.000039
7 0.000039
5 0.000039
3 0.000039
4 0.000039
0 0.000039
6 0.000039
2 0.000039
1 0.000039
7 0.000039
5 0.000039
3 0.000039
4 0.000039
0 0.000039
2 0.000039
1 0.000039
7 0.000039
6 0.000039
4 0.000039
5 0.000039
3 0.000039
0 0.000040
2 0.000039
1 0.000039
7 0.000039
6 0.000039
4 0.000039
5 0.000039
3 0.000039
0 0.000040
2 0.000039
1 0.000039
7 0.000039
6 0.000039
4 0.000039
0 0.000040
5 0.000039
3 0.000039
2 0.000039
1 0.000039
7 0.000039
6 0.000039
0 0.000039
4 0.000039
5 0.000039
3 0.000039
2 0.000039
1 0.000039
7 0.000039
6 0.000039
0 0.000039
4 0.000054
5 0.000051
3 0.000052
2 0.000044
1 0.000039
7 0.000039
0 0.000039
4 0.000039
6 0.000039
5 0.000039
3 0.000039
2 0.000039
1 0.000039
0 0.000040
7 0.000039
4 0.000039
6 0.000039
5 0.000039
3 0.000039
2 0.000039
1 0.000039
0 0.000039
4 0.000039
7 0.000039
6 0.000039
5 0.000039
3 0.000039
2 0.000039
1 0.000039
4 0.000039
0 0.000039
7 0.000039
6 0.000039
5 0.000039
3 0.000039
2 0.000039
1 0.000039
4 0.000039
0 0.000040
7 0.000039
6 0.000039
5 0.000039
3 0.000039
2 0.000039
1 0.000039
4 0.000039
0 0.000039
6 0.000039
5 0.000039
7 0.000039
3 0.000039
2 0.000039
1 0.000039
4 0.000039
6 0.000039
0 0.000039
5 0.000039
7 0.000039
3 0.000039
2 0.000039
1 0.000039
6 0.000039
4 0.000039
5 0.000039
0 0.000039
7 0.000039
3 0.000039
2 0.000039
1 0.000039
6 0.000039
5 0.000039
4 0.000039
0 0.000039
2 0.000039
3 0.000039
7 0.000039
1 0.000039
6 0.000039
5 0.000039
0 0.000039
4 0.000039
2 0.000039
3 0.000039
7 0.000039
1 0.000039
6 0.000039
5 0.000039
2 0.000039
0 0.000040
4 0.000039
3 0.000039
7 0.000039
1 0.000039
6 0.000039
5 0.000039
2 0.000039
0 0.000040
4 0.000039
3 0.000039
7 0.000039
1 0.000039
6 0.000039
2 0.000039
5 0.000039
0 0.000039
4 0.000039
3 0.000039
7 0.000039
1 0.000039
2 0.000039
6 0.000039
5 0.000039
3 0.000039
0 0.000040
4 0.000039
1 0.000039
7 0.000039
2 0.000051
6 0.000050
5 0.000039
3 0.000039
1 0.000039
7 0.000039
0 0.000040
4 0.000040
2 0.000039
6 0.000039
3 0.000039
5 0.000039
1 0.000039
7 0.000039
2 0.000039
0 0.000040
4 0.000039
6 0.000039
3 0.000039
5 0.000039
1 0.000039
7 0.000039
2 0.000039
0 0.000039
3 0.000039
4 0.000039
1 0.000039
6 0.000039
2 0.000039
5 0.000039
7 0.000039
3 0.000039
1 0.000039
4 0.000039
0 0.000040
2 0.000039
6 0.000039
5 0.000039
3 0.000039
1 0.000039
7 0.000039
2 0.000039
6 0.000039
4 0.000039
5 0.000039
3 0.000039
1 0.000039
2 0.000039
0 0.000040
3 0.000039
6 0.000039
1 0.000039
4 0.000039
7 0.000039
5 0.000039
3 0.000039
2 0.000039
1 0.000039
4 0.000039
6 0.000039
0 0.000039
3 0.000039
5 0.000039
7 0.000040
4 0.000039
6 0.000039
1 0.000039
3 0.000039
2 0.000040
5 0.000039
4 0.000039
1 0.000039
6 0.000039
0 0.000039
2 0.000039
7 0.000039
5 0.000039
4 0.000039
6 0.000039
2 0.000039
4 0.000039
5 0.000039
0 0.000039
7 0.000039
2 0.000039
4 0.000039
2 0.000039
4 0.000039
7 0.000039
0 0.000039
2 0.000053
4 0.000053
0 0.000039
7 0.000039
4 0.000039
2 0.000039
4 0.000039
2 0.000039
0 0.000039
7 0.000039
4 0.000039
2 0.000039
4 0.000039
2 0.000039
0 0.000039
4 0.000039
2 0.000039
0 0.000039
4 0.000039
2 0.000039
0 0.000039
4 0.000039
2 0.000039
0 0.000039
4 0.000039
2 0.000039
0 0.000039
4 0.000039
2 0.000039
0 0.000039
4 0.000039
2 0.000039
0 0.000039
4 0.000039
2 0.000039
0 0.000039
4 0.000039
2 0.000039
0 0.000039
4 0.000039
2 0.000039
0 0.000040
4 0.000039
2 0.000039
0 0.000039
4 0.000051
2 0.000053
0 0.000039
4 0.000039
2 0.000039
0 0.000039
4 0.000039
2 0.000039
0 0.000039
4 0.000039
2 0.000039
0 0.000039
4 0.000039
2 0.000039
0 0.000039
4 0.000039
2 0.000039
0 0.000039
4 0.000039
2 0.000039
0 0.000039
4 0.000039
2 0.000039
0 0.000039
4 0.000039
2 0.000039
0 0.000039
4 0.000039
2 0.000039
0 0.000040
4 0.000039
2 0.000039
0 0.000039
4 0.000039
2 0.000039
0 0.000039
4 0.000039
2 0.000039
0 0.000039
4 0.000039
2 0.000039
0 0.000039
4 0.000039
2 0.000039
0 0.000039
4 0.000039
2 0.000048
4 0.000047
0 0.000049
2 0.000039
4 0.000039
0 0.000040
2 0.000039
4 0.000039
0 0.000039
2 0.000039
4 0.000039
0 0.000039
2 0.000039
4 0.000039
0 0.000039
4 0.000039
0 0.000039
4 0.000039
0 0.000039
4 0.000039
0 0.000039
4 0.000039
0 0.000039
4 0.000039
0 0.000039
4 0.000039
0 0.000039
4 0.000039
0 0.000039
4 0.000039
0 0.000039
4 0.000039
0 0.000039
4 0.000039
0 0.000039
4 0.000039
0 0.000039
4 0.000045
0 0.000039
4 0.000039
0 0.000039
4 0.000039
0 0.000039
4 0.000039
0 0.000039
4 0.000039
0 0.000039
4 0.000039
0 0.000039
4 0.000039
0 0.000039
4 0.000039
0 0.000039
4 0.000039
0 0.000039
4 0.000039
0 0.000039
4 0.000039
0 0.000039
4 0.000039
0 0.000039
4 0.000039
0 0.000039
4 0.000039
0 0.000039
4 0.000039
0 0.000039
4 0.000039
0 0.000039
4 0.000046
0 0.000040
4 0.000039
0 0.000039
4 0.000039
0 0.000039
4 0.000039
0 0.000039
4 0.000039
0 0.000039
4 0.000039
0 0.000039
4 0.000039
0 0.000039
4 0.000039
0 0.000039
4 0.000039
0 0.000039
4 0.000039
0 0.000039
4 0.000039
0 0.000039
4 0.000039
0 0.000039
4 0.000039
0 0.000039
4 0.000039
0 0.000039
4 0.000039
0 0.000039
4 0.000039
0 0.000039
4 0.000045
0 0.000046
4 0.000039
0 0.000039
0 0.000039
4 0.000039
0 0.000039
4 0.000039
0 0.000039
4 0.000039
0 0.000039
4 0.000039
0 0.000039
4 0.000039
0 0.000039
4 0.000039
0 0.000039
4 0.000039
0 0.000039
4 0.000039
0 0.000039
4 0.000039
0 0.000039
0 0.000039
4 0.000039
0 0.000039
4 0.000039
0 0.000039
0 0.000039
0 0.000046
0 0.000039
0 0.000129
4 0.000057
6 0.000092
3 0.000067
0 0.000040
5 0.000113
7 0.000119
2 0.000123
0 0.000040
0 0.000040
6 0.000039
4 0.000040
3 0.000040
5 0.000040
7 0.000040
0 0.000040
2 0.000039
6 0.000039
4 0.000039
3 0.000039
5 0.000039
0 0.000040
7 0.000039
2 0.000039
6 0.000039
5 0.000039
4 0.000039
3 0.000039
0 0.000039
7 0.000039
2 0.000039
5 0.000052
4 0.000050
0 0.000054
3 0.000054
1 0.000546
7 0.000039
2 0.000039
0 0.000040
5 0.000039
4 0.000039
3 0.000039
7 0.000039
0 0.000040
2 0.000039
5 0.000039
4 0.000039
3 0.000039
1 0.000039
7 0.000039
0 0.000039
2 0.000039
5 0.000039
4 0.000039
3 0.000039
1 0.000039
0 0.000039
7 0.000039
2 0.000039
5 0.000039
4 0.000039
3 0.000039
1 0.000039
0 0.000039
7 0.000039
2 0.000039
5 0.000039
4 0.000039
0 0.000039
3 0.000039
6 0.000447
7 0.000039
2 0.000039
5 0.000039
4 0.000039
0 0.000039
3 0.000039
6 0.000039
2 0.000039
7 0.000039
5 0.000039
0 0.000040
4 0.000039
3 0.000039
2 0.000039
1 0.000039
7 0.000039
5 0.000039
0 0.000039
4 0.000039
3 0.000039
2 0.000039
0 0.000039
7 0.000039
1 0.000039
5 0.000039
4 0.000039
3 0.000039
0 0.000039
2 0.000039
1 0.000039
5 0.000040
7 0.000039
4 0.000039
3 0.000039
0 0.000039
2 0.000039
5 0.000039
1 0.000039
4 0.000039
7 0.000039
0 0.000039
3 0.000039
2 0.000039
5 0.000039
1 0.000039
4 0.000039
7 0.000039
0 0.000039
3 0.000039
2 0.000039
5 0.000039
1 0.000039
0 0.000039
4 0.000039
7 0.000039
3 0.000039
2 0.000039
5 0.000039
0 0.000039
1 0.000039
4 0.000039
7 0.000039
2 0.000051
5 0.000049
3 0.000051
0 0.000051
4 0.000039
6 0.000039
7 0.000039
2 0.000039
5 0.000039
0 0.000039
3 0.000039
4 0.000039
6 0.000039
7 0.000039
2 0.000039
5 0.000039
0 0.000039
3 0.000039
4 0.000039
6 0.000039
0 0.000039
2 0.000039
5 0.000039
3 0.000039
7 0.000039
4 0.000039
0 0.000039
6 0.000039
5 0.000039
2 0.000039
3 0.000039
7 0.000039
4 0.000039
0 0.000039
6 0.000039
5 0.000039
2 0.000039
3 0.000039
7 0.000039
4 0.000039
0 0.000039
5 0.000039
2 0.000039
1 0.000039
3 0.000039
7 0.000039
0 0.000039
4 0.000039
2 0.000039
5 0.000039
3 0.000039
1 0.000039
7 0.000039
0 0.000039
4 0.000039
2 0.000039
5 0.000039
3 0.000039
1 0.000039
7 0.000039
0 0.000039
4 0.000039
2 0.000039
5 0.000039
3 0.000039
0 0.000039
7 0.000039
6 0.000039
4 0.000039
2 0.000039
5 0.000039
0 0.000039
3 0.000039
7 0.000039
6 0.000039
4 0.000039
2 0.000039
5 0.000039
0 0.000039
3 0.000039
6 0.000039
7 0.000039
4 0.000039
2 0.000039
5 0.000039
0 0.000039
3 0.000039
6 0.000039
7 0.000039
4 0.000039
2 0.000039
0 0.000039
5 0.000039
3 0.000039
6 0.000039
7 0.000039
4 0.000039
0 0.000039
2 0.000039
5 0.000039
3 0.000039
0 0.000039
6 0.000039
7 0.000039
4 0.000039
2 0.000039
5 0.000051
3 0.000050
0 0.000039
6 0.000039
2 0.000039
4 0.000039
5 0.000039
7 0.000039
0 0.000040
3 0.000039
6 0.000039
4 0.000039
2 0.000039
5 0.000039
7 0.000039
0 0.000039
3 0.000039
6 0.000039
4 0.000040
2 0.000039
5 0.000039
0 0.000039
7 0.000039
3 0.000039
6 0.000039
4 0.000039
2 0.000039
5 0.000039
0 0.000039
7 0.000039
3 0.000039
6 0.000039
4 0.000039
2 0.000039
5 0.000039
0 0.000039
7 0.000039
3 0.000039
6 0.000039
4 0.000039
2 0.000039
0 0.000039
5 0.000039
7 0.000039
3 0.000039
6 0.000039
0 0.000039
4 0.000039
2 0.000039
5 0.000039
7 0.000039
3 0.000039
0 0.000039
6 0.000039
4 0.000039
2 0.000039
5 0.000039
7 0.000039
3 0.000039
0 0.000039
6 0.000039
4 0.000039
2 0.000039
5 0.000039
7 0.000039
3 0.000039
0 0.000039
6 0.000039
4 0.000039
2 0.000039
5 0.000039
7 0.000039
3 0.000039
0 0.000039
6 0.000039
4 0.000039
2 0.000039
5 0.000039
7 0.000039
0 0.000039
3 0.000039
6 0.000039
4 0.000039
2 0.000039
5 0.000039
7 0.000039
0 0.000039
3 0.000039
6 0.000039
4 0.000039
2 0.000039
5 0.000039
0 0.000039
7 0.000039
3 0.000039
6 0.000039
4 0.000039
5 0.000039
0 0.000039
2 0.000039
7 0.000039
3 0.000039
6 0.000039
4 0.000039
0 0.000039
5 0.000039
2 0.000039
7 0.000039
3 0.000051
1 0.000039
0 0.000050
4 0.000049
5 0.000039
2 0.000039
3 0.000039
7 0.000039
1 0.000039
0 0.000039
4 0.000039
5 0.000039
2 0.000039
3 0.000039
7 0.000039
0 0.000039
1 0.000039
4 0.000039
5 0.000039
2 0.000039
3 0.000039
0 0.000039
1 0.000039
7 0.000039
4 0.000039
5 0.000039
2 0.000039
3 0.000039
0 0.000039
1 0.000039
7 0.000039
4 0.000039
5 0.000039
2 0.000039
0 0.000039
3 0.000039
1 0.000039
7 0.000039
4 0.000039
5 0.000039
2 0.000039
0 0.000040
3 0.000039
1 0.000039
4 0.000039
7 0.000039
5 0.000039
0 0.000039
2 0.000039
3 0.000039
1 0.000039
4 0.000039
7 0.000039
0 0.000039
5 0.000039
2 0.000039
3 0.000039
1 0.000039
4 0.000039
0 0.000039
5 0.000039
2 0.000039
7 0.000039
3 0.000039
1 0.000039
4 0.000039
0 0.000039
5 0.000039
2 0.000039
7 0.000039
3 0.000039
0 0.000039
1 0.000039
4 0.000039
5 0.000039
2 0.000039
7 0.000039
3 0.000039
0 0.000039
1 0.000039
5 0.000039
4 0.000039
2 0.000039
7 0.000039
3 0.000039
0 0.000039
1 0.000039
5 0.000039
2 0.000039
4 0.000039
7 0.000039
3 0.000039
0 0.000039
1 0.000039
5 0.000039
2 0.000039
4 0.000039
7 0.000039
0 0.000039
3 0.000039
1 0.000039
5 0.000039
2 0.000039
4 0.000039
7 0.000039
3 0.000039
0 0.000039
1 0.000053
5 0.000049
2 0.000051
7 0.000039
3 0.000039
0 0.000039
1 0.000039
4 0.000039
5 0.000039
2 0.000039
7 0.000039
3 0.000039
0 0.000039
1 0.000039
4 0.000039
5 0.000039
2 0.000039
7 0.000039
0 0.000039
3 0.000039
1 0.000039
4 0.000039
5 0.000039
2 0.000039
7 0.000039
0 0.000039
3 0.000039
1 0.000039
4 0.000039
2 0.000039
5 0.000039
0 0.000039
7 0.000039
3 0.000039
1 0.000039
4 0.000039
2 0.000039
0 0.000039
7 0.000039
5 0.000039
3 0.000039
1 0.000039
4 0.000039
2 0.000039
0 0.000039
7 0.000039
5 0.000039
3 0.000039
1 0.000039
4 0.000039
2 0.000039
0 0.000039
7 0.000039
5 0.000039
3 0.000039
1 0.000039
2 0.000039
4 0.000039
7 0.000039
5 0.000039
0 0.000039
6 0.001599
1 0.000039
3 0.000039
4 0.000039
7 0.000039
5 0.000039
2 0.000039
1 0.000039
0 0.000040
3 0.000039
4 0.000039
7 0.000039
5 0.000039
2 0.000039
1 0.000039
6 0.000040
0 0.000040
3 0.000039
4 0.000039
7 0.000039
5 0.000039
2 0.000039
1 0.000039
6 0.000039
3 0.000039
0 0.000039
4 0.000039
7 0.000039
5 0.000039
2 0.000039
1 0.000039
6 0.000039
3 0.000039
0 0.000039
4 0.000039
7 0.000039
5 0.000039
2 0.000039
1 0.000039
6 0.000039
3 0.000039
0 0.000040
4 0.000039
7 0.000039
5 0.000039
2 0.000039
1 0.000039
6 0.000039
3 0.000039
0 0.000054
4 0.000055
7 0.000051
5 0.000053
2 0.000039
1 0.000039
6 0.000039
3 0.000039
4 0.000039
0 0.000039
7 0.000039
5 0.000039
2 0.000039
1 0.000039
6 0.000039
3 0.000039
4 0.000039
7 0.000039
0 0.000039
5 0.000039
2 0.000039
1 0.000039
6 0.000039
3 0.000039
4 0.000039
7 0.000039
5 0.000039
0 0.000039
2 0.000039
1 0.000039
6 0.000039
3 0.000039
4 0.000039
7 0.000039
5 0.000039
0 0.000040
2 0.000039
1 0.000039
6 0.000039
3 0.000039
4 0.000039
7 0.000039
5 0.000039
1 0.000039
0 0.000040
6 0.000039
3 0.000039
2 0.000039
4 0.000039
7 0.000039
5 0.000039
1 0.000039
6 0.000039
3 0.000039
0 0.000039
2 0.000039
4 0.000039
7 0.000039
5 0.000039
3 0.000039
1 0.000039
6 0.000039
0 0.000039
2 0.000039
4 0.000039
7 0.000039
5 0.000039
3 0.000039
1 0.000039
6 0.000039
0 0.000039
4 0.000039
7 0.000039
2 0.000039
3 0.000039
5 0.000039
1 0.000039
6 0.000039
0 0.000039
7 0.000039
4 0.000039
3 0.000039
2 0.000039
5 0.000039
1 0.000039
6 0.000039
3 0.000039
7 0.000039
0 0.000039
4 0.000039
2 0.000039
1 0.000039
5 0.000039
6 0.000039
3 0.000039
7 0.000039
4 0.000039
2 0.000039
6 0.000039
0 0.000040
5 0.000039
1 0.000039
3 0.000039
4 0.000039
6 0.000039
7 0.000039
2 0.000039
5 0.000039
1 0.000039
3 0.000039
6 0.000039
4 0.000039
3 0.000039
0 0.000039
2 0.000039
1 0.000039
7 0.000039
5 0.000039
6 0.000051
4 0.000051
3 0.000051
1 0.000039
2 0.000039
5 0.000039
6 0.000039
0 0.000039
7 0.000039
3 0.000039
4 0.000039
1 0.000039
2 0.000039
6 0.000039
5 0.000039
3 0.000039
0 0.000039
4 0.000039
1 0.000039
6 0.000039
7 0.000039
2 0.000039
5 0.000039
3 0.000039
6 0.000039
1 0.000039
4 0.000039
2 0.000039
3 0.000039
0 0.000039
5 0.000039
7 0.000039
6 0.000039
1 0.000039
4 0.000039
2 0.000039
5 0.000039
3 0.000039
6 0.000039
0 0.000040
1 0.000039
4 0.000039
7 0.000039
2 0.000039
6 0.000039
1 0.000039
5 0.000039
4 0.000039
2 0.000039
0 0.000039
3 0.000039
7 0.000039
6 0.000039
1 0.000039
3 0.000039
6 0.000039
5 0.000039
1 0.000039
7 0.000039
0 0.000039
6 0.000039
3 0.000039
5 0.000039
1 0.000039
7 0.000039
6 0.000039
0 0.000040
3 0.000039
5 0.000039
1 0.000039
6 0.000039
3 0.000039
7 0.000039
5 0.000039
1 0.000039
0 0.000039
6 0.000039
3 0.000039
5 0.000039
1 0.000039
6 0.000039
7 0.000039
0 0.000039
3 0.000039
6 0.000039
1 0.000039
5 0.000039
0 0.000039
6 0.000039
3 0.000051
1 0.000053
5 0.000050
0 0.000040
6 0.000040
3 0.000039
1 0.000039
5 0.000039
0 0.000039
6 0.000039
3 0.000039
1 0.000039
5 0.000039
6 0.000039
0 0.000039
3 0.000039
1 0.000039
5 0.000039
6 0.000039
0 0.000039
3 0.000039
5 0.000039
1 0.000039
6 0.000039
0 0.000039
5 0.000039
3 0.000039
1 0.000039
6 0.000039
0 0.000039
5 0.000039
3 0.000039
1 0.000039
6 0.000039
0 0.000039
5 0.000039
3 0.000039
6 0.000039
0 0.000039
1 0.000039
5 0.000039
3 0.000039
6 0.000039
0 0.000039
1 0.000039
5 0.000039
3 0.000039
6 0.000039
0 0.000039
1 0.000039
5 0.000039
6 0.000039
3 0.000039
0 0.000039
1 0.000039
5 0.000039
6 0.000039
3 0.000039
0 0.000039
1 0.000039
5 0.000039
6 0.000039
3 0.000039
0 0.000039
1 0.000039
5 0.000039
6 0.000039
3 0.000039
0 0.000039
1 0.000039
5 0.000039
6 0.000039
3 0.000039
0 0.000039
1 0.000039
5 0.000039
6 0.000039
0 0.000039
3 0.000039
1 0.000053
5 0.000054
6 0.000052
0 0.000039
3 0.000039
5 0.000039
1 0.000039
6 0.000039
0 0.000039
3 0.000039
5 0.000039
1 0.000039
6 0.000039
0 0.000039
3 0.000039
5 0.000039
1 0.000039
0 0.000039
6 0.000039
3 0.000039
5 0.000039
1 0.000039
0 0.000039
3 0.000039
6 0.000039
5 0.000039
1 0.000039
0 0.000039
3 0.000039
5 0.000039
6 0.000039
0 0.000039
1 0.000039
5 0.000039
3 0.000039
6 0.000039
0 0.000039
1 0.000039
3 0.000039
5 0.000039
6 0.000039
0 0.000039
5 0.000039
1 0.000039
3 0.000039
6 0.000039
0 0.000039
5 0.000039
1 0.000039
3 0.000039
6 0.000039
0 0.000039
5 0.000039
1 0.000039
3 0.000039
0 0.000039
6 0.000039
5 0.000039
3 0.000039
0 0.000039
5 0.000039
6 0.000039
3 0.000039
0 0.000039
5 0.000039
6 0.000039
3 0.000039
0 0.000039
5 0.000039
6 0.000039
3 0.000039
0 0.000039
5 0.000039
3 0.000049
0 0.000048
5 0.000050
3 0.000039
0 0.000039
3 0.000039
0 0.000039
0 0.000039
3 0.000039
0 0.000039
3 0.000039
0 0.000039
3 0.000039
0 0.000039
3 0.000039
0 0.000039
3 0.000039
0 0.000039
3 0.000039
0 0.000039
3 0.000039
0 0.000039
3 0.000039
0 0.000039
3 0.000039
0 0.000039
3 0.000039
0 0.000039
3 0.000039
0 0.000039
3 0.000039
0 0.000039
3 0.000039
0 0.000039
3 0.000039
0 0.000039
0 0.000040
3 0.000039
0 0.000039
3 0.000039
0 0.000039
3 0.000039
0 0.000039
3 0.000039
0 0.000039
3 0.000039
0 0.000039
3 0.000039
0 0.000039
3 0.000039
0 0.000039
3 0.000039
0 0.000039
3 0.000039
0 0.000039
3 0.000039
0 0.000039
3 0.000039
0 0.000039
3 0.000039
0 0.000039
3 0.000039
0 0.000040
3 0.000039
0 0.000039
3 0.000039
0 0.000039
3 0.000039
0 0.000039
0 0.000039
3 0.000039
0 0.000039
3 0.000039
0 0.000039
3 0.000039
0 0.000039
3 0.000039
0 0.000039
3 0.000039
0 0.000039
3 0.000039
0 0.000039
3 0.000039
0 0.000039
3 0.000039
0 0.000039
3 0.000039
0 0.000039
3 0.000039
3 0.000039
0 0.000039
3 0.000039
0 0.000039
3 0.000039
0 0.000039
3 0.000039
0 0.000039
3 0.000039
0 0.000039
3 0.000039
0 0.000047
3 0.000039
0 0.000039
3 0.000039
0 0.000039
3 0.000039
0 0.000039
3 0.000039
0 0.000039
3 0.000039
0 0.000039
3 0.000039
3 0.000039
3 0.000039
3 0.000039
3 0.000039
3 0.000039
3 0.000039
0 0.000099
6 0.000055
4 0.000065
7 0.000071
5 0.000051
1 0.000051
2 0.000056
6 0.000040
3 0.000064
4 0.000040
0 0.000040
7 0.000040
6 0.000040
5 0.000040
0 0.000040
4 0.000040
1 0.000040
7 0.000039
2 0.000040
6 0.000039
3 0.000040
5 0.000039
0 0.000039
7 0.000039
4 0.000039
1 0.000039
2 0.000039
6 0.000039
3 0.000039
0 0.000040
5 0.000039
7 0.000039
4 0.000039
1 0.000039
2 0.000039
6 0.000039
3 0.000039
0 0.000039
7 0.000039
5 0.000039
4 0.000039
1 0.000039
2 0.000039
6 0.000039
0 0.000039
7 0.000039
3 0.000039
5 0.000039
4 0.000039
1 0.000039
2 0.000039
6 0.000039
0 0.000039
7 0.000039
3 0.000039
5 0.000039
4 0.000039
2 0.000039
1 0.000039
6 0.000039
0 0.000039
7 0.000039
3 0.000039
5 0.000056
4 0.000054
2 0.000054
6 0.000054
1 0.000051
7 0.000039
0 0.000040
3 0.000039
5 0.000039
4 0.000039
2 0.000039
6 0.000039
7 0.000039
0 0.000039
1 0.000039
3 0.000039
5 0.000039
4 0.000039
2 0.000039
6 0.000039
7 0.000039
0 0.000039
1 0.000039
3 0.000039
5 0.000039
4 0.000039
2 0.000039
7 0.000039
0 0.000039
1 0.000039
6 0.000039
3 0.000040
5 0.000039
4 0.000039
0 0.000039
7 0.000039
2 0.000039
1 0.000039
6 0.000039
3 0.000039
5 0.000039
4 0.000039
0 0.000040
7 0.000039
2 0.000039
1 0.000039
6 0.000039
3 0.000039
5 0.000039
0 0.000039
7 0.000039
2 0.000039
4 0.000039
6 0.000039
3 0.000039
1 0.000039
5 0.000039
0 0.000040
7 0.000039
2 0.000039
6 0.000039
4 0.000040
3 0.000039
1 0.000039
0 0.000039
7 0.000040
5 0.000039
2 0.000039
6 0.000039
4 0.000039
3 0.000039
1 0.000039
0 0.000039
7 0.000039
5 0.000039
2 0.000039
6 0.000039
4 0.000039
3 0.000039
0 0.000039
1 0.000039
7 0.000039
5 0.000039
2 0.000039
6 0.000039
4 0.000039
0 0.000040
7 0.000039
1 0.000039
3 0.000039
5 0.000039
2 0.000039
6 0.000039
4 0.000039
7 0.000039
0 0.000039
1 0.000039
3 0.000039
5 0.000039
2 0.000039
6 0.000039
4 0.000039
7 0.000039
0 0.000039
1 0.000039
3 0.000039
5 0.000039
2 0.000039
6 0.000039
4 0.000039
7 0.000039
0 0.000039
1 0.000039
3 0.000039
5 0.000053
6 0.000056
2 0.000051
7 0.000051
0 0.000054
4 0.000053
1 0.000039
3 0.000040
5 0.000039
6 0.000039
7 0.000039
2 0.000039
0 0.000039
4 0.000039
1 0.000039
3 0.000039
5 0.000039
6 0.000039
7 0.000039
0 0.000039
4 0.000039
2 0.000039
1 0.000039
3 0.000039
5 0.000039
6 0.000039
7 0.000039
0 0.000039
4 0.000039
2 0.000039
1 0.000039
3 0.000039
5 0.000039
6 0.000040
7 0.000039
0 0.000039
4 0.000039
2 0.000039
1 0.000039
3 0.000039
5 0.000039
6 0.000039
7 0.000039
0 0.000040
4 0.000040
2 0.000039
1 0.000039
3 0.000039
7 0.000039
6 0.000039
0 0.000039
5 0.000039
4 0.000039
2 0.000039
1 0.000039
3 0.000039
7 0.000039
0 0.000039
6 0.000039
5 0.000039
4 0.000039
2 0.000039
1 0.000039
3 0.000039
7 0.000039
0 0.000040
6 0.000039
5 0.000039
4 0.000039
2 0.000040
1 0.000039
3 0.000039
7 0.000039
0 0.000039
6 0.000039
5 0.000039
4 0.000039
2 0.000039
1 0.000039
3 0.000039
7 0.000039
0 0.000039
6 0.000039
5 0.000039
4 0.000039
2 0.000039
1 0.000039
3 0.000039
7 0.000039
0 0.000039
6 0.000039
5 0.000039
2 0.000039
4 0.000039
1 0.000039
3 0.000039
0 0.000039
7 0.000039
5 0.000039
6 0.000039
2 0.000039
4 0.000039
1 0.000039
0 0.000040
3 0.000039
7 0.000039
5 0.000039
6 0.000039
2 0.000039
4 0.000039
1 0.000039
0 0.000039
3 0.000039
7 0.000039
5 0.000039
6 0.000039
2 0.000039
4 0.000039
0 0.000054
1 0.000060
3 0.000053
7 0.000054
5 0.000039
6 0.000039
2 0.000039
4 0.000039
0 0.000039
1 0.000040
3 0.000039
7 0.000039
5 0.000039
6 0.000039
2 0.000039
4 0.000039
0 0.000039
1 0.000039
3 0.000039
7 0.000039
5 0.000039
6 0.000039
2 0.000039
4 0.000039
0 0.000039
1 0.000039
3 0.000039
7 0.000039
5 0.000039
6 0.000039
2 0.000039
0 0.000040
4 0.000039
1 0.000039
3 0.000039
7 0.000039
5 0.000039
6 0.000039
0 0.000039
2 0.000039
4 0.000039
1 0.000039
7 0.000039
3 0.000039
5 0.000039
0 0.000039
6 0.000039
2 0.000039
4 0.000039
1 0.000039
7 0.000039
3 0.000039
5 0.000039
0 0.000040
6 0.000039
2 0.000039
4 0.000039
1 0.000039
7 0.000040
3 0.000039
5 0.000039
0 0.000039
6 0.000039
2 0.000039
4 0.000039
7 0.000039
1 0.000039
0 0.000040
3 0.000039
5 0.000039
6 0.000039
2 0.000039
4 0.000039
7 0.000039
1 0.000039
0 0.000040
3 0.000039
5 0.000039
6 0.000039
2 0.000039
4 0.000039
7 0.000039
1 0.000039
0 0.000039
3 0.000039
5 0.000039
6 0.000039
2 0.000039
4 0.000039
7 0.000039
1 0.000039
0 0.000039
3 0.000039
5 0.000039
6 0.000039
2 0.000039
7 0.000039
4 0.000039
1 0.000039
0 0.000039
3 0.000039
5 0.000039
6 0.000039
2 0.000039
7 0.000039
4 0.000039
1 0.000040
0 0.000039
3 0.000039
5 0.000039
6 0.000039
2 0.000039
4 0.000039
7 0.000039
0 0.000040
1 0.000039
3 0.000039
5 0.000052
6 0.000051
2 0.000055
7 0.000053
3 0.000039
1 0.000089
4 0.000071
6 0.000039
2 0.000039
0 0.000052
5 0.000039
7 0.000039
3 0.000039
1 0.000039
4 0.000039
6 0.000039
2 0.000039
0 0.000040
5 0.000039
7 0.000039
3 0.000039
1 0.000039
4 0.000039
2 0.000039
0 0.000040
6 0.000039
7 0.000039
5 0.000039
3 0.000039
1 0.000039
0 0.000039
2 0.000039
4 0.000039
7 0.000039
5 0.000039
6 0.000039
3 0.000039
1 0.000039
0 0.000040
2 0.000039
4 0.000039
7 0.000039
5 0.000039
6 0.000039
3 0.000039
1 0.000039
0 0.000039
2 0.000039
4 0.000039
7 0.000039
5 0.000039
6 0.000039
3 0.000039
1 0.000039
2 0.000039
4 0.000039
7 0.000039
0 0.000039
5 0.000039
6 0.000039
3 0.000039
1 0.000039
2 0.000039
4 0.000039
7 0.000039
0 0.000039
5 0.000039
6 0.000039
3 0.000039
2 0.000039
7 0.000039
4 0.000039
0 0.000040
1 0.000039
5 0.000039
6 0.000039
3 0.000039
7 0.000039
2 0.000039
4 0.000039
0 0.000040
1 0.000039
5 0.000039
6 0.000039
3 0.000039
7 0.000039
2 0.000039
4 0.000039
0 0.000039
1 0.000039
6 0.000039
5 0.000039
3 0.000039
7 0.000039
2 0.000039
0 0.000039
1 0.000039
4 0.000039
6 0.000039
5 0.000039
3 0.000039
7 0.000039
2 0.000039
0 0.000040
1 0.000039
4 0.000039
6 0.000039
5 0.000039
3 0.000039
7 0.000039
2 0.000039
0 0.000039
1 0.000039
4 0.000039
6 0.000039
5 0.000039
3 0.000051
7 0.000052
2 0.000052
0 0.000053
1 0.000039
6 0.000039
4 0.000039
5 0.000039
3 0.000039
7 0.000039
2 0.000039
0 0.000039
6 0.000039
1 0.000039
4 0.000039
5 0.000039
3 0.000039
7 0.000039
2 0.000039
0 0.000040
6 0.000039
1 0.000039
4 0.000039
5 0.000039
3 0.000039
7 0.000039
2 0.000039
0 0.000040
6 0.000039
1 0.000039
4 0.000039
5 0.000039
3 0.000039
2 0.000039
7 0.000039
0 0.000039
6 0.000039
1 0.000039
4 0.000039
5 0.000039
3 0.000039
2 0.000039
0 0.000039
7 0.000039
6 0.000039
1 0.000039
4 0.000039
5 0.000039
3 0.000039
0 0.000039
7 0.000039
2 0.000039
6 0.000039
1 0.000039
4 0.000039
5 0.000039
3 0.000039
7 0.000039
0 0.000039
2 0.000039
6 0.000039
1 0.000039
4 0.000039
5 0.000039
3 0.000039
7 0.000039
0 0.000039
2 0.000039
6 0.000039
1 0.000039
4 0.000039
5 0.000039
3 0.000039
0 0.000039
7 0.000039
2 0.000039
6 0.000039
1 0.000039
4 0.000039
5 0.000039
0 0.000039
3 0.000039
7 0.000039
2 0.000039
6 0.000039
1 0.000039
4 0.000039
5 0.000039
0 0.000039
3 0.000039
7 0.000039
2 0.000039
6 0.000039
1 0.000039
4 0.000039
0 0.000039
5 0.000039
3 0.000039
7 0.000039
2 0.000039
6 0.000039
1 0.000039
0 0.000039
4 0.000039
5 0.000039
3 0.000039
7 0.000039
2 0.000039
6 0.000039
1 0.000039
0 0.000039
4 0.000039
5 0.000039
3 0.000039
7 0.000039
2 0.000039
6 0.000039
1 0.000051
0 0.000054
4 0.000053
5 0.000051
7 0.000053
3 0.000053
2 0.000039
6 0.000039
1 0.000039
0 0.000039
4 0.000039
5 0.000039
7 0.000039
3 0.000039
2 0.000039
6 0.000039
0 0.000039
1 0.000039
4 0.000039
5 0.000039
7 0.000039
3 0.000039
2 0.000039
0 0.000039
6 0.000039
1 0.000039
4 0.000039
7 0.000039
5 0.000039
3 0.000039
0 0.000040
2 0.000039
6 0.000039
1 0.000039
4 0.000039
7 0.000039
5 0.000039
3 0.000039
0 0.000039
2 0.000039
6 0.000039
1 0.000039
7 0.000039
4 0.000039
5 0.000039
0 0.000039
2 0.000039
3 0.000039
1 0.000039
6 0.000039
7 0.000039
4 0.000039
5 0.000039
0 0.000040
3 0.000039
2 0.000039
6 0.000039
1 0.000039
4 0.000039
7 0.000039
0 0.000040
5 0.000039
3 0.000039
6 0.000039
2 0.000039
1 0.000039
7 0.000039
0 0.000040
4 0.000039
5 0.000039
3 0.000039
1 0.000039
6 0.000039
2 0.000039
7 0.000039
0 0.000039
5 0.000039
4 0.000039
3 0.000039
1 0.000039
6 0.000039
2 0.000039
7 0.000039
0 0.000039
3 0.000039
5 0.000039
4 0.000039
1 0.000039
6 0.000039
2 0.000039
7 0.000039
0 0.000039
3 0.000039
5 0.000039
1 0.000039
4 0.000039
6 0.000039
2 0.000039
7 0.000039
0 0.000039
1 0.000039
5 0.000039
3 0.000039
4 0.000039
6 0.000039
7 0.000039
2 0.000039
0 0.000039
1 0.000039
5 0.000039
3 0.000039
4 0.000039
6 0.000039
2 0.000039
0 0.000039
7 0.000039
1 0.000039
3 0.000039
5 0.000053
4 0.000054
6 0.000051
2 0.000039
0 0.000040
1 0.000040
7 0.000049
3 0.000039
5 0.000039
4 0.000039
6 0.000039
1 0.000039
0 0.000040
3 0.000039
2 0.000039
5 0.000039
7 0.000039
4 0.000039
6 0.000040
1 0.000039
3 0.000039
0 0.000039
2 0.000039
5 0.000039
7 0.000039
4 0.000039
1 0.000039
6 0.000039
3 0.000039
0 0.000039
2 0.000039
7 0.000039
5 0.000039
1 0.000039
4 0.000039
3 0.000039
0 0.000040
6 0.000039
7 0.000039
2 0.000039
5 0.000039
1 0.000039
3 0.000039
4 0.000039
0 0.000039
7 0.000039
5 0.000039
2 0.000039
0 0.000039
4 0.000039
6 0.000039
7 0.000039
0 0.000039
6 0.000039
7 0.000039
0 0.000039
6 0.000039
7 0.000039
0 0.000039
6 0.000039
7 0.000039
0 0.000039
7 0.000039
6 0.000039
0 0.000039
7 0.000039
6 0.000039
0 0.000039
7 0.000039
6 0.000039
0 0.000039
7 0.000039
6 0.000039
0 0.000039
7 0.000039
6 0.000039
0 0.000050
7 0.000039
6 0.000039
0 0.000039
7 0.000039
6 0.000039
0 0.000039
7 0.000039
6 0.000039
0 0.000039
7 0.000039
0 0.000039
6 0.000039
7 0.000039
0 0.000039
6 0.000039
7 0.000039
0 0.000039
6 0.000039
7 0.000039
0 0.000039
6 0.000039
7 0.000039
0 0.000039
6 0.000039
7 0.000039
0 0.000039
6 0.000039
7 0.000039
0 0.000039
6 0.000039
7 0.000039
0 0.000039
6 0.000039
7 0.000039
0 0.000039
7 0.000039
6 0.000039
0 0.000039
7 0.000039
6 0.000039
0 0.000039
7 0.000039
6 0.000039
0 0.000039
7 0.000039
6 0.000039
0 0.000052
7 0.000039
6 0.000039
0 0.000039
7 0.000039
6 0.000039
0 0.000039
7 0.000039
6 0.000039
0 0.000039
7 0.000039
6 0.000040
0 0.000039
7 0.000039
6 0.000039
0 0.000039
7 0.000039
6 0.000039
0 0.000039
7 0.000039
6 0.000039
0 0.000039
7 0.000039
6 0.000039
0 0.000039
7 0.000039
6 0.000039
0 0.000039
7 0.000039
6 0.000039
0 0.000039
7 0.000039
6 0.000039
0 0.000039
7 0.000039
6 0.000039
0 0.000039
7 0.000039
6 0.000039
0 0.000039
7 0.000039
6 0.000039
0 0.000039
6 0.000039
7 0.000039
0 0.000039
6 0.000039
7 0.000039
0 0.000047
7 0.000046
0 0.000039
7 0.000039
0 0.000039
7 0.000039
0 0.000039
7 0.000039
0 0.000039
7 0.000039
0 0.000039
7 0.000039
0 0.000039
7 0.000039
0 0.000039
7 0.000039
0 0.000039
7 0.000039
0 0.000039
7 0.000039
0 0.000039
7 0.000039
0 0.000039
7 0.000039
0 0.000039
7 0.000039
0 0.000039
7 0.000039
0 0.000039
7 0.000039
0 0.000039
7 0.000039
0 0.000046
7 0.000046
0 0.000039
7 0.000039
0 0.000039
7 0.000039
0 0.000039
7 0.000039
0 0.000039
7 0.000039
0 0.000039
7 0.000039
0 0.000039
7 0.000039
0 0.000039
7 0.000039
0 0.000039
7 0.000039
0 0.000039
7 0.000039
0 0.000039
7 0.000039
0 0.000039
7 0.000039
0 0.000039
7 0.000039
0 0.000039
7 0.000039
0 0.000039
7 0.000039
0 0.000039
7 0.000039
0 0.000039
7 0.000045
0 0.000039
7 0.000039
0 0.000039
7 0.000039
0 0.000039
7 0.000039
0 0.000039
7 0.000039
0 0.000039
7 0.000039
0 0.000039
7 0.000039
0 0.000039
7 0.000039
0 0.000039
7 0.000039
0 0.000039
7 0.000039
0 0.000039
7 0.000039
0 0.000039
7 0.000039
0 0.000039
7 0.000039
0 0.000039
0 0.000039
7 0.000039
0 0.000039
7 0.000039
0 0.000039
7 0.000039
0 0.000045
7 0.000039
0 0.000039
7 0.000039
0 0.000039
7 0.000039
0 0.000039
7 0.000039
7 0.000039
7 0.000039
6 0.000068
7 0.000052
0 0.000172
3 0.000063
4 0.000058
0 0.000040
1 0.000057
6 0.000039
2 0.000059
7 0.000040
5 0.000051
0 0.000040
6 0.000039
3 0.000040
7 0.000039
4 0.000040
0 0.000040
1 0.000040
6 0.000039
2 0.000040
3 0.000039
7 0.000040
0 0.000040
5 0.000039
4 0.000039
6 0.000039
1 0.000039
2 0.000039
3 0.000039
0 0.000053
5 0.000051
4 0.000052
7 0.000054
6 0.000065
1 0.000040
2 0.000039
3 0.000039
0 0.000040
5 0.000039
4 0.000039
7 0.000039
6 0.000039
1 0.000039
2 0.000039
3 0.000039
0 0.000039
5 0.000039
4 0.000039
7 0.000039
6 0.000039
1 0.000039
2 0.000039
0 0.000039
3 0.000039
7 0.000039
5 0.000039
4 0.000039
6 0.000039
1 0.000039
2 0.000039
0 0.000039
3 0.000039
7 0.000039
6 0.000039
5 0.000039
4 0.000039
2 0.000040
1 0.000039
0 0.000039
3 0.000039
6 0.000039
7 0.000039
5 0.000039
4 0.000039
0 0.000040
2 0.000039
1 0.000039
3 0.000039
6 0.000039
7 0.000039
5 0.000039
4 0.000039
0 0.000039
2 0.000039
1 0.000039
3 0.000039
7 0.000039
6 0.000039
5 0.000039
0 0.000039
2 0.000039
4 0.000039
1 0.000039
7 0.000039
3 0.000039
6 0.000039
5 0.000039
0 0.000040
2 0.000039
4 0.000039
1 0.000039
7 0.000039
6 0.000039
3 0.000039
0 0.000040
2 0.000039
5 0.000039
4 0.000040
6 0.000039
7 0.000039
1 0.000039
3 0.000039
0 0.000039
2 0.000039
5 0.000039
4 0.000039
6 0.000039
7 0.000039
1 0.000039
3 0.000039
0 0.000040
2 0.000039
5 0.000039
6 0.000039
4 0.000039
7 0.000039
1 0.000039
0 0.000039
3 0.000039
2 0.000039
5 0.000039
6 0.000039
4 0.000039
7 0.000039
0 0.000039
1 0.000039
3 0.000039
2 0.000039
6 0.000039
5 0.000039
7 0.000039
4 0.000039
0 0.000039
1 0.000054
3 0.000051
2 0.000053
6 0.000077
4 0.000039
5 0.000075
7 0.000062
0 0.000059
2 0.000039
3 0.000039
1 0.000039
6 0.000039
4 0.000039
5 0.000039
7 0.000039
0 0.000040
2 0.000039
3 0.000039
6 0.000039
1 0.000039
4 0.000039
5 0.000039
0 0.000039
7 0.000039
2 0.000039
3 0.000039
6 0.000039
1 0.000039
4 0.000039
5 0.000039
0 0.000039
7 0.000039
2 0.000039
6 0.000039
3 0.000039
1 0.000039
4 0.000039
5 0.000039
0 0.000039
7 0.000039
2 0.000039
6 0.000039
3 0.000039
1 0.000039
4 0.000039
0 0.000039
5 0.000039
7 0.000039
2 0.000039
6 0.000039
3 0.000039
1 0.000039
0 0.000039
4 0.000039
5 0.000039
7 0.000039
2 0.000039
3 0.000039
6 0.000039
1 0.000039
0 0.000039
4 0.000040
5 0.000039
7 0.000039
2 0.000039
3 0.000039
6 0.000039
0 0.000039
1 0.000039
4 0.000039
5 0.000039
7 0.000039
2 0.000039
6 0.000039
3 0.000039
0 0.000039
1 0.000039
4 0.000039
5 0.000039
7 0.000039
2 0.000039
6 0.000039
3 0.000039
0 0.000039
1 0.000039
4 0.000039
7 0.000039
5 0.000039
2 0.000039
6 0.000039
3 0.000039
0 0.000040
1 0.000039
4 0.000039
7 0.000039
5 0.000039
6 0.000039
2 0.000039
0 0.000039
3 0.000039
1 0.000039
4 0.000039
7 0.000039
5 0.000039
6 0.000039
2 0.000039
0 0.000039
3 0.000039
1 0.000039
4 0.000039
7 0.000039
5 0.000039
6 0.000039
2 0.000039
0 0.000039
3 0.000039
1 0.000039
4 0.000051
7 0.000051
5 0.000052
6 0.000052
2 0.000051
0 0.000055
3 0.000039
1 0.000039
4 0.000039
6 0.000039
5 0.000039
7 0.000039
0 0.000040
2 0.000039
3 0.000039
1 0.000039
6 0.000039
4 0.000039
0 0.000040
5 0.000039
2 0.000039
7 0.000039
3 0.000039
1 0.000039
6 0.000039
0 0.000039
4 0.000039
5 0.000039
2 0.000039
7 0.000039
3 0.000039
1 0.000039
6 0.000039
0 0.000039
4 0.000039
5 0.000039
2 0.000039
7 0.000039
3 0.000039
1 0.000039
6 0.000039
0 0.000039
4 0.000039
5 0.000039
2 0.000039
7 0.000039
3 0.000039
1 0.000039
0 0.000039
6 0.000039
4 0.000039
5 0.000039
2 0.000039
7 0.000039
1 0.000039
3 0.000039
0 0.000039
6 0.000039
4 0.000039
5 0.000039
2 0.000039
7 0.000039
1 0.000039
3 0.000039
0 0.000039
6 0.000039
4 0.000039
5 0.000039
2 0.000039
7 0.000039
1 0.000039
0 0.000039
3 0.000039
6 0.000039
4 0.000039
5 0.000039
2 0.000039
7 0.000039
0 0.000039
1 0.000039
6 0.000039
3 0.000039
4 0.000039
5 0.000039
2 0.000039
7 0.000039
0 0.000040
6 0.000039
1 0.000039
3 0.000039
4 0.000039
5 0.000039
2 0.000039
7 0.000039
0 0.000039
6 0.000039
1 0.000039
3 0.000039
4 0.000039
5 0.000039
2 0.000039
7 0.000039
0 0.000039
6 0.000039
1 0.000039
3 0.000039
4 0.000039
5 0.000039
2 0.000039
0 0.000039
7 0.000039
6 0.000039
1 0.000039
3 0.000039
4 0.000039
5 0.000039
2 0.000050
0 0.000054
6 0.000053
7 0.000053
3 0.000052
1 0.000052
4 0.000039
5 0.000039
2 0.000039
0 0.000039
6 0.000039
7 0.000039
1 0.000039
3 0.000039
4 0.000039
5 0.000039
2 0.000039
0 0.000039
6 0.000039
7 0.000039
1 0.000039
3 0.000039
4 0.000039
5 0.000039
0 0.000040
2 0.000039
6 0.000039
7 0.000040
1 0.000039
3 0.000039
4 0.000039
5 0.000039
0 0.000039
2 0.000039
6 0.000039
7 0.000039
1 0.000039
3 0.000039
4 0.000039
0 0.000040
5 0.000039
6 0.000039
2 0.000039
7 0.000039
1 0.000039
3 0.000039
0 0.000040
4 0.000039
6 0.000039
5 0.000039
2 0.000039
7 0.000039
1 0.000039
0 0.000040
3 0.000039
4 0.000039
6 0.000039
5 0.000039
2 0.000039
7 0.000039
1 0.000039
0 0.000040
3 0.000039
6 0.000039
4 0.000039
2 0.000039
5 0.000039
7 0.000039
1 0.000039
0 0.000039
6 0.000039
3 0.000039
4 0.000039
2 0.000039
5 0.000039
7 0.000039
1 0.000039
0 0.000040
6 0.000039
3 0.000039
4 0.000039
2 0.000039
5 0.000039
7 0.000039
1 0.000039
0 0.000040
6 0.000039
3 0.000039
4 0.000039
2 0.000039
5 0.000039
7 0.000039
1 0.000039
0 0.000040
6 0.000039
3 0.000039
2 0.000039
4 0.000039
5 0.000039
7 0.000040
0 0.000039
1 0.000039
6 0.000039
3 0.000039
2 0.000039
4 0.000039
5 0.000039
7 0.000039
0 0.000039
1 0.000039
6 0.000039
3 0.000039
2 0.000039
4 0.000039
5 0.000039
7 0.000039
0 0.000039
1 0.000039
6 0.000039
3 0.000039
2 0.000049
4 0.000060
7 0.000053
5 0.000062
0 0.000067
1 0.000039
6 0.000039
3 0.000040
2 0.000039
4 0.000039
7 0.000039
5 0.000039
0 0.000039
1 0.000039
6 0.000039
3 0.000039
2 0.000039
7 0.000039
4 0.000039
0 0.000039
5 0.000039
1 0.000039
6 0.000039
3 0.000039
2 0.000039
7 0.000039
4 0.000039
0 0.000039
5 0.000039
6 0.000039
1 0.000039
2 0.000039
3 0.000039
7 0.000039
0 0.000039
4 0.000039
5 0.000039
6 0.000039
2 0.000039
1 0.000039
3 0.000039
0 0.000039
7 0.000039
4 0.000039
5 0.000039
6 0.000039
2 0.000039
1 0.000039
0 0.000039
7 0.000039
3 0.000039
5 0.000039
4 0.000039
6 0.000039
2 0.000039
1 0.000039
0 0.000039
7 0.000039
3 0.000039
5 0.000039
4 0.000039
6 0.000039
2 0.000039
1 0.000039
0 0.000039
7 0.000039
3 0.000039
5 0.000039
4 0.000039
6 0.000039
2 0.000039
1 0.000039
0 0.000040
7 0.000039
3 0.000039
5 0.000039
4 0.000039
6 0.000039
2 0.000039
1 0.000039
0 0.000039
7 0.000039
3 0.000039
4 0.000039
5 0.000039
6 0.000039
2 0.000039
0 0.000039
7 0.000039
1 0.000039
3 0.000039
4 0.000039
5 0.000039
6 0.000039
2 0.000039
0 0.000039
7 0.000039
1 0.000039
3 0.000039
6 0.000039
4 0.000039
5 0.000039
2 0.000039
0 0.000039
7 0.000039
1 0.000039
3 0.000039
6 0.000039
5 0.000039
2 0.000039
0 0.000039
4 0.000039
7 0.000039
1 0.000039
3 0.000039
6 0.000039
2 0.000049
0 0.000054
5 0.000051
4 0.000055
7 0.000053
1 0.000039
6 0.000039
3 0.000039
2 0.000039
0 0.000040
5 0.000039
4 0.000039
7 0.000039
1 0.000039
6 0.000039
2 0.000039
3 0.000039
5 0.000039
0 0.000039
7 0.000039
1 0.000039
6 0.000040
4 0.000039
2 0.000039
3 0.000039
5 0.000039
0 0.000040
7 0.000039
1 0.000039
6 0.000039
4 0.000039
2 0.000039
3 0.000039
0 0.000039
5 0.000039
7 0.000039
6 0.000039
1 0.000039
4 0.000039
2 0.000039
0 0.000039
3 0.000039
5 0.000039
7 0.000039
1 0.000039
6 0.000039
4 0.000039
2 0.000039
0 0.000039
3 0.000039
5 0.000039
7 0.000039
1 0.000039
6 0.000039
4 0.000039
0 0.000039
3 0.000039
2 0.000039
5 0.000039
7 0.000039
1 0.000039
0 0.000039
4 0.000040
3 0.000039
2 0.000039
5 0.000039
6 0.000039
7 0.000039
1 0.000039
0 0.000039
4 0.000039
3 0.000039
2 0.000039
5 0.000039
7 0.000039
6 0.000039
0 0.000040
1 0.000040
2 0.000039
4 0.000039
3 0.000039
5 0.000039
7 0.000039
0 0.000039
6 0.000039
1 0.000039
2 0.000039
4 0.000039
3 0.000039
5 0.000039
7 0.000039
0 0.000040
1 0.000039
6 0.000040
2 0.000039
4 0.000039
3 0.000039
5 0.000039
7 0.000039
0 0.000039
1 0.000039
2 0.000039
6 0.000039
4 0.000039
3 0.000039
5 0.000039
7 0.000039
0 0.000039
1 0.000039
2 0.000039
6 0.000039
4 0.000039
0 0.000040
7 0.000039
5 0.000039
1 0.000039
2 0.000039
3 0.000039
6 0.000052
0 0.000039
7 0.000039
1 0.000039
2 0.000039
5 0.000039
4 0.000039
3 0.000039
6 0.000039
0 0.000039
7 0.000039
1 0.000039
2 0.000039
5 0.000039
4 0.000039
6 0.000039
3 0.000039
1 0.000039
2 0.000039
7 0.000039
0 0.000040
5 0.000039
4 0.000039
6 0.000039
3 0.000039
1 0.000039
2 0.000039
5 0.000039
4 0.000039
1 0.000039
3 0.000039
0 0.000040
2 0.000039
6 0.000039
7 0.000039
5 0.000039
1 0.000039
4 0.000039
2 0.000039
3 0.000039
6 0.000039
5 0.000039
1 0.000039
7 0.000039
2 0.000039
4 0.000039
0 0.000040
3 0.000039
6 0.000039
1 0.000039
5 0.000039
2 0.000039
4 0.000039
3 0.000039
6 0.000039
1 0.000039
0 0.000040
7 0.000039
5 0.000039
4 0.000039
3 0.000039
2 0.000039
6 0.000039
1 0.000039
5 0.000039
4 0.000039
3 0.000039
6 0.000039
1 0.000039
7 0.000039
0 0.000040
5 0.000039
2 0.000039
4 0.000039
6 0.000039
3 0.000039
5 0.000039
2 0.000039
6 0.000039
4 0.000039
3 0.000039
0 0.000039
7 0.000039
5 0.000039
2 0.000039
6 0.000039
4 0.000039
2 0.000039
6 0.000039
0 0.000039
6 0.000039
2 0.000039
0 0.000040
2 0.000039
6 0.000039
0 0.000039
6 0.000039
2 0.000039
0 0.000039
6 0.000039
2 0.000039
0 0.000039
6 0.000039
2 0.000039
0 0.000039
6 0.000039
2 0.000039
0 0.000039
6 0.000039
2 0.000039
0 0.000039
6 0.000039
2 0.000039
0 0.000039
6 0.000039
2 0.000039
0 0.000039
6 0.000039
2 0.000039
0 0.000039
6 0.000039
2 0.000039
0 0.000039
6 0.000039
2 0.000040
0 0.000039
6 0.000039
2 0.000039
0 0.000039
6 0.000039
2 0.000039
0 0.000039
6 0.000039
2 0.000039
0 0.000039
6 0.000039
2 0.000039
0 0.000050
6 0.000040
2 0.000039
0 0.000039
6 0.000039
2 0.000039
0 0.000039
6 0.000039
2 0.000039
0 0.000039
6 0.000039
2 0.000039
0 0.000039
6 0.000039
2 0.000039
0 0.000039
6 0.000039
2 0.000039
0 0.000039
6 0.000039
2 0.000039
0 0.000039
6 0.000039
2 0.000039
0 0.000040
6 0.000039
0 0.000040
2 0.000039
6 0.000039
0 0.000040
2 0.000039
6 0.000039
0 0.000039
2 0.000039
6 0.000039
0 0.000039
6 0.000039
2 0.000039
0 0.000039
6 0.000039
2 0.000039
0 0.000039
6 0.000039
2 0.000039
0 0.000039
6 0.000046
2 0.000049
0 0.000039
6 0.000039
2 0.000039
0 0.000039
6 0.000039
2 0.000039
0 0.000039
6 0.000039
2 0.000039
0 0.000039
6 0.000039
2 0.000039
0 0.000039
6 0.000039
0 0.000039
2 0.000039
6 0.000039
0 0.000039
6 0.000039
0 0.000039
6 0.000039
0 0.000039
6 0.000039
0 0.000039
6 0.000039
0 0.000039
6 0.000039
0 0.000039
6 0.000039
0 0.000039
6 0.000039
0 0.000039
6 0.000039
0 0.000039
6 0.000039
0 0.000046
6 0.000045
0 0.000039
6 0.000039
0 0.000039
6 0.000039
0 0.000039
6 0.000039
0 0.000039
6 0.000039
0 0.000039
6 0.000039
0 0.000039
6 0.000039
0 0.000039
6 0.000039
0 0.000039
6 0.000039
0 0.000039
6 0.000039
0 0.000039
6 0.000039
0 0.000039
6 0.000039
0 0.000039
6 0.000039
0 0.000039
6 0.000039
0 0.000039
6 0.000039
0 0.000039
6 0.000039
0 0.000046
6 0.000054
0 0.000039
6 0.000039
0 0.000039
6 0.000039
0 0.000039
6 0.000039
0 0.000039
6 0.000039
0 0.000039
6 0.000039
0 0.000039
6 0.000039
0 0.000039
6 0.000039
0 0.000039
6 0.000039
0 0.000039
6 0.000039
0 0.000039
6 0.000039
0 0.000039
6 0.000039
0 0.000039
6 0.000039
0 0.000039
6 0.000039
0 0.000039
6 0.000039
0 0.000039
6 0.000039
0 0.000048
6 0.000047
0 0.000039
6 0.000039
0 0.000039
6 0.000039
0 0.000039
6 0.000039
0 0.000039
6 0.000039
0 0.000039
0 0.000039
6 0.000039
0 0.000039
6 0.000039
0 0.000039
6 0.000039
0 0.000039
6 0.000039
0 0.000039
6 0.000039
0 0.000039
6 0.000039
0 0.000039
6 0.000039
0 0.000039
6 0.000039
0 0.000039
0 0.000205
2 0.000061
7 0.000134
0 0.000040
5 0.000109
1 0.000139
6 0.000134
4 0.000048
0 0.000040
0 0.000040
2 0.000040
7 0.000040
5 0.000040
1 0.000040
6 0.000039
0 0.000040
4 0.000039
2 0.000039
7 0.000039
5 0.000039
1 0.000039
0 0.000040
6 0.000054
4 0.000053
2 0.000050
7 0.000039
5 0.000039
0 0.000039
1 0.000039
6 0.000039
4 0.000039
2 0.000039
7 0.000039
5 0.000039
0 0.000039
1 0.000039
6 0.000039
4 0.000039
2 0.000039
5 0.000039
7 0.000039
0 0.000039
1 0.000039
6 0.000039
4 0.000039
2 0.000039
0 0.000039
5 0.000039
7 0.000039
1 0.000039
6 0.000039
4 0.000039
0 0.000039
2 0.000039
5 0.000039
7 0.000039
1 0.000039
6 0.000039
0 0.000039
2 0.000039
5 0.000039
4 0.000039
7 0.000039
1 0.000039
6 0.000039
0 0.000039
2 0.000039
5 0.000039
4 0.000039
7 0.000039
1 0.000039
6 0.000039
0 0.000039
2 0.000039
5 0.000039
4 0.000039
7 0.000039
1 0.000039
6 0.000039
0 0.000040
2 0.000039
5 0.000039
4 0.000039
7 0.000039
1 0.000039
0 0.000039
6 0.000039
2 0.000039
5 0.000039
4 0.000039
7 0.000039
0 0.000039
1 0.000039
6 0.000039
2 0.000039
5 0.000039
4 0.000039
7 0.000039
0 0.000039
1 0.000039
6 0.000039
2 0.000039
5 0.000039
4 0.000039
0 0.000039
7 0.000039
1 0.000039
6 0.000039
2 0.000039
5 0.000039
4 0.000040
0 0.000039
7 0.000039
1 0.000039
6 0.000039
2 0.000039
5 0.000039
0 0.000039
4 0.000039
7 0.000039
1 0.000039
6 0.000039
2 0.000052
5 0.000049
0 0.000053
4 0.000050
7 0.000039
1 0.000039
6 0.000039
2 0.000039
5 0.000039
0 0.000039
4 0.000039
7 0.000039
1 0.000039
6 0.000039
2 0.000039
0 0.000039
5 0.000039
4 0.000039
7 0.000039
1 0.000039
6 0.000039
0 0.000039
2 0.000039
5 0.000039
4 0.000039
7 0.000039
1 0.000039
0 0.000039
6 0.000039
2 0.000039
5 0.000039
4 0.000039
7 0.000039
0 0.000039
1 0.000039
6 0.000039
2 0.000039
5 0.000039
4 0.000039
7 0.000039
0 0.000039
1 0.000039
6 0.000039
2 0.000039
5 0.000039
4 0.000039
7 0.000039
0 0.000039
1 0.000039
6 0.000039
2 0.000039
5 0.000039
4 0.000039
7 0.000039
0 0.000039
1 0.000039
6 0.000039
2 0.000039
5 0.000039
4 0.000039
7 0.000039
0 0.000039
1 0.000039
6 0.000039
2 0.000039
5 0.000039
4 0.000039
0 0.000039
7 0.000039
1 0.000039
6 0.000039
2 0.000039
5 0.000039
4 0.000039
0 0.000039
7 0.000039
1 0.000039
6 0.000039
2 0.000039
5 0.000039
4 0.000039
0 0.000039
7 0.000039
1 0.000039
6 0.000039
2 0.000039
0 0.000040
5 0.000039
4 0.000039
3 0.000141
1 0.000039
6 0.000039
0 0.000039
2 0.000039
5 0.000039
4 0.000039
1 0.000039
6 0.000039
0 0.000040
2 0.000039
5 0.000039
3 0.000040
4 0.000039
1 0.000064
0 0.000054
2 0.000059
6 0.000050
5 0.000039
4 0.000039
3 0.000039
0 0.000039
1 0.000039
2 0.000039
6 0.000039
5 0.000039
4 0.000039
3 0.000039
0 0.000039
1 0.000039
2 0.000039
6 0.000039
5 0.000039
4 0.000039
3 0.000039
0 0.000039
1 0.000039
2 0.000039
6 0.000039
5 0.000039
4 0.000039
0 0.000039
3 0.000039
1 0.000039
2 0.000039
6 0.000039
5 0.000039
0 0.000040
4 0.000040
3 0.000039
1 0.000039
5 0.000039
6 0.000039
2 0.000039
0 0.000039
4 0.000039
3 0.000039
1 0.000039
5 0.000039
6 0.000039
0 0.000039
2 0.000039
4 0.000039
3 0.000039
1 0.000039
5 0.000039
6 0.000039
2 0.000039
4 0.000039
0 0.000039
3 0.000039
1 0.000039
5 0.000039
6 0.000039
4 0.000039
0 0.000040
2 0.000039
3 0.000039
1 0.000039
5 0.000039
0 0.000039
4 0.000039
6 0.000039
2 0.000039
3 0.000039
1 0.000039
0 0.000039
4 0.000039
6 0.000039
5 0.000039
2 0.000039
3 0.000039
1 0.000039
0 0.000040
4 0.000039
6 0.000039
5 0.000039
2 0.000039
3 0.000039
1 0.000039
0 0.000039
4 0.000039
6 0.000039
5 0.000039
2 0.000039
3 0.000039
1 0.000039
0 0.000039
4 0.000039
6 0.000039
5 0.000039
2 0.000039
3 0.000040
1 0.000039
0 0.000051
7 0.000039
6 0.000053
5 0.000039
4 0.000050
2 0.000040
3 0.000039
1 0.000039
0 0.000040
6 0.000039
4 0.000039
5 0.000039
2 0.000039
0 0.000040
1 0.000039
3 0.000039
6 0.000039
7 0.000040
4 0.000039
5 0.000039
2 0.000039
0 0.000039
1 0.000039
3 0.000039
6 0.000039
7 0.000039
4 0.000039
5 0.000039
2 0.000039
0 0.000039
1 0.000039
3 0.000039
6 0.000039
7 0.000039
4 0.000039
5 0.000039
0 0.000039
2 0.000040
1 0.000039
3 0.000039
6 0.000039
7 0.000039
4 0.000039
0 0.000039
2 0.000040
5 0.000039
3 0.000039
1 0.000039
6 0.000039
7 0.000039
4 0.000039
0 0.000039
2 0.000039
5 0.000039
3 0.000039
1 0.000039
7 0.000039
6 0.000039
0 0.000039
2 0.000039
4 0.000039
5 0.000039
3 0.000039
7 0.000039
6 0.000039
1 0.000039
0 0.000039
2 0.000039
4 0.000039
5 0.000039
3 0.000039
7 0.000039
1 0.000039
0 0.000039
6 0.000039
2 0.000039
4 0.000039
5 0.000039
3 0.000039
7 0.000039
0 0.000040
1 0.000039
6 0.000039
2 0.000039
4 0.000039
5 0.000039
3 0.000039
7 0.000039
0 0.000039
1 0.000039
2 0.000039
6 0.000039
4 0.000039
5 0.000039
3 0.000039
0 0.000039
7 0.000039
1 0.000039
2 0.000039
6 0.000039
4 0.000039
5 0.000039
3 0.000039
0 0.000039
7 0.000039
1 0.000039
2 0.000039
6 0.000039
4 0.000039
5 0.000039
3 0.000039
0 0.000039
7 0.000039
1 0.000053
2 0.000054
6 0.000051
4 0.000053
5 0.000055
3 0.000053
0 0.000040
7 0.000039
1 0.000039
2 0.000039
6 0.000039
4 0.000039
5 0.000039
0 0.000039
3 0.000039
7 0.000039
1 0.000039
6 0.000039
2 0.000039
4 0.000039
0 0.000039
5 0.000039
3 0.000039
7 0.000039
1 0.000039
6 0.000039
2 0.000039
4 0.000039
0 0.000040
5 0.000039
3 0.000039
7 0.000039
1 0.000039
6 0.000039
2 0.000039
0 0.000039
4 0.000039
5 0.000039
3 0.000039
7 0.000039
1 0.000039
6 0.000039
2 0.000039
0 0.000039
4 0.000039
5 0.000039
7 0.000039
3 0.000039
2 0.000039
6 0.000039
1 0.000039
4 0.000039
0 0.000039
5 0.000039
7 0.000039
3 0.000039
2 0.000039
6 0.000039
1 0.000039
4 0.000039
0 0.000040
5 0.000039
7 0.000039
3 0.000039
2 0.000039
6 0.000039
1 0.000039
0 0.000040
4 0.000039
5 0.000039
3 0.000039
7 0.000039
2 0.000039
0 0.000039
6 0.000039
1 0.000039
4 0.000039
5 0.000039
3 0.000039
7 0.000039
2 0.000039
0 0.000039
6 0.000039
1 0.000039
4 0.000039
5 0.000039
7 0.000039
3 0.000039
2 0.000039
0 0.000039
1 0.000039
4 0.000039
5 0.000039
7 0.000039
3 0.000039
6 0.000039
2 0.000039
0 0.000039
4 0.000039
1 0.000039
7 0.000039
5 0.000039
3 0.000039
6 0.000039
0 0.000039
2 0.000039
7 0.000039
1 0.000039
5 0.000039
4 0.000039
3 0.000039
6 0.000039
0 0.000039
2 0.000039
7 0.000039
1 0.000039
5 0.000039
4 0.000053
6 0.000052
0 0.000051
3 0.000067
2 0.000054
7 0.000039
1 0.000039
5 0.000039
4 0.000039
0 0.000040
6 0.000039
2 0.000039
3 0.000039
7 0.000039
1 0.000039
5 0.000039
0 0.000039
4 0.000039
6 0.000039
2 0.000039
3 0.000039
7 0.000039
1 0.000039
5 0.000039
0 0.000039
4 0.000039
6 0.000039
2 0.000039
3 0.000039
7 0.000039
1 0.000039
5 0.000039
0 0.000040
4 0.000039
6 0.000039
2 0.000039
3 0.000039
7 0.000039
5 0.000039
1 0.000039
4 0.000039
6 0.000039
2 0.000039
7 0.000039
3 0.000040
0 0.000040
5 0.000039
1 0.000039
2 0.000039
6 0.000039
7 0.000039
3 0.000039
4 0.000039
0 0.000040
5 0.000039
1 0.000039
2 0.000039
7 0.000039
6 0.000039
3 0.000039
4 0.000039
0 0.000039
5 0.000039
1 0.000039
7 0.000039
2 0.000039
6 0.000039
3 0.000039
4 0.000039
0 0.000039
5 0.000039
1 0.000039
7 0.000039
2 0.000039
6 0.000040
3 0.000039
4 0.000039
0 0.000039
5 0.000039
1 0.000039
7 0.000039
2 0.000039
6 0.000039
3 0.000039
4 0.000039
0 0.000039
5 0.000039
7 0.000039
1 0.000039
2 0.000039
6 0.000039
3 0.000039
4 0.000039
0 0.000039
5 0.000039
7 0.000039
1 0.000039
2 0.000039
6 0.000039
3 0.000039
4 0.000039
0 0.000040
7 0.000039
5 0.000039
2 0.000039
1 0.000039
6 0.000039
3 0.000039
4 0.000039
7 0.000039
0 0.000039
2 0.000039
1 0.000039
5 0.000039
6 0.000040
3 0.000039
7 0.000039
4 0.000053
2 0.000054
0 0.000054
5 0.000052
1 0.000051
6 0.000039
3 0.000039
7 0.000039
2 0.000039
4 0.000039
0 0.000039
5 0.000039
1 0.000039
6 0.000039
7 0.000039
2 0.000039
3 0.000039
4 0.000039
0 0.000039
1 0.000039
5 0.000039
2 0.000039
7 0.000040
3 0.000039
6 0.000039
4 0.000039
1 0.000039
5 0.000039
0 0.000040
2 0.000039
7 0.000039
3 0.000039
6 0.000039
4 0.000039
5 0.000039
2 0.000039
7 0.000039
3 0.000039
1 0.000039
6 0.000039
4 0.000039
5 0.000039
7 0.000039
0 0.000040
2 0.000039
3 0.000039
6 0.000039
4 0.000039
1 0.000039
7 0.000039
2 0.000039
5 0.000039
3 0.000039
6 0.000039
4 0.000039
0 0.000040
7 0.000039
2 0.000039
5 0.000039
3 0.000039
1 0.000039
4 0.000039
6 0.000039
7 0.000039
2 0.000039
3 0.000039
5 0.000039
0 0.000040
7 0.000039
4 0.000039
6 0.000039
1 0.000039
2 0.000039
5 0.000039
3 0.000039
7 0.000039
4 0.000039
6 0.000039
0 0.000039
5 0.000039
7 0.000039
3 0.000039
1 0.000039
4 0.000039
6 0.000039
2 0.000040
3 0.000039
7 0.000039
4 0.000039
6 0.000039
5 0.000039
0 0.000039
2 0.000039
1 0.000039
3 0.000039
7 0.000039
2 0.000039
3 0.000039
5 0.000053
7 0.000051
0 0.000052
1 0.000053
2 0.000066
3 0.000039
5 0.000039
7 0.000039
2 0.000039
0 0.000040
1 0.000039
3 0.000039
5 0.000039
7 0.000039
2 0.000039
3 0.000039
5 0.000039
7 0.000039
0 0.000040
2 0.000039
3 0.000039
5 0.000039
7 0.000039
2 0.000039
0 0.000039
3 0.000039
5 0.000039
7 0.000039
2 0.000039
0 0.000039
3 0.000039
5 0.000039
7 0.000039
2 0.000039
0 0.000039
3 0.000039
5 0.000039
7 0.000039
2 0.000039
0 0.000039
5 0.000039
3 0.000039
7 0.000039
2 0.000039
0 0.000039
5 0.000039
3 0.000039
7 0.000039
2 0.000039
0 0.000039
5 0.000039
3 0.000039
7 0.000039
2 0.000039
0 0.000039
5 0.000039
3 0.000039
2 0.000039
7 0.000039
0 0.000039
5 0.000039
3 0.000039
2 0.000039
0 0.000039
3 0.000039
5 0.000039
2 0.000039
0 0.000039
3 0.000039
5 0.000039
2 0.000053
0 0.000052
3 0.000052
5 0.000039
2 0.000039
3 0.000039
0 0.000040
5 0.000039
2 0.000039
3 0.000039
0 0.000039
5 0.000039
2 0.000039
3 0.000039
0 0.000039
5 0.000039
3 0.000039
2 0.000039
0 0.000039
5 0.000039
3 0.000039
2 0.000039
0 0.000039
5 0.000039
3 0.000039
2 0.000039
0 0.000039
5 0.000039
3 0.000039
0 0.000039
2 0.000039
5 0.000039
3 0.000039
0 0.000039
2 0.000039
5 0.000039
3 0.000039
0 0.000039
2 0.000039
5 0.000039
3 0.000039
0 0.000039
2 0.000039
3 0.000039
5 0.000039
0 0.000039
2 0.000039
3 0.000039
5 0.000039
0 0.000039
2 0.000039
5 0.000039
0 0.000039
2 0.000039
5 0.000039
0 0.000039
2 0.000039
5 0.000040
0 0.000039
2 0.000050
5 0.000047
0 0.000039
2 0.000039
0 0.000039
5 0.000039
2 0.000039
0 0.000039
5 0.000039
2 0.000039
0 0.000039
5 0.000039
2 0.000039
0 0.000039
5 0.000039
2 0.000039
0 0.000039
5 0.000039
2 0.000039
0 0.000039
2 0.000039
5 0.000039
0 0.000039
2 0.000039
5 0.000039
0 0.000039
2 0.000039
5 0.000039
0 0.000039
2 0.000039
0 0.000039
5 0.000039
2 0.000039
0 0.000039
2 0.000039
0 0.000039
2 0.000039
0 0.000039
2 0.000039
0 0.000039
2 0.000039
0 0.000039
2 0.000039
0 0.000039
2 0.000039
0 0.000039
2 0.000039
0 0.000039
0 0.000039
2 0.000039
0 0.000039
2 0.000039
0 0.000039
2 0.000039
0 0.000039
2 0.000039
0 0.000039
2 0.000039
0 0.000039
2 0.000039
0 0.000039
2 0.000039
0 0.000039
2 0.000039
0 0.000039
2 0.000039
0 0.000039
2 0.000039
0 0.000039
2 0.000039
0 0.000039
2 0.000039
0 0.000039
2 0.000046
0 0.000039
2 0.000039
0 0.000039
2 0.000039
0 0.000039
2 0.000039
0 0.000039
2 0.000039
0 0.000039
2 0.000039
0 0.000039
2 0.000039
0 0.000039
2 0.000039
0 0.000039
2 0.000039
0 0.000039
2 0.000039
0 0.000039
2 0.000039
0 0.000039
2 0.000039
0 0.000039
2 0.000039
0 0.000039
2 0.000039
0 0.000039
2 0.000039
0 0.000039
2 0.000039
0 0.000039
2 0.000039
0 0.000039
2 0.000039
0 0.000039
2 0.000039
0 0.000039
2 0.000039
0 0.000039
2 0.000039
0 0.000039
2 0.000039
0 0.000039
2 0.000039
0 0.000039
2 0.000039
0 0.000039
2 0.000039
0 0.000039
2 0.000039
0 0.000039
2 0.000039
0 0.000039
2 0.000039
2 0.000039
0 0.000039
2 0.000039
0 0.000039
2 0.000039
0 0.000039
2 0.000039
0 0.000039
2 0.000046
0 0.000039
2 0.000039
0 0.000039
2 0.000039
2 0.000039
