0 0.000038
4 0.000124
6 0.000136
3 0.000137
7 0.000092
1 0.000104
5 0.000172
2 0.000167
0 0.000010
4 0.000016
6 0.000017
7 0.000011
0 0.000029
3 0.000015
4 0.000014
1 0.000014
5 0.000010
2 0.000010
6 0.000013
7 0.000010
0 0.000009
3 0.000012
4 0.000013
1 0.000013
5 0.000011
2 0.000011
7 0.000010
6 0.000013
0 0.000010
3 0.000012
4 0.000013
1 0.000013
5 0.000011
2 0.000011
7 0.000011
6 0.000013
0 0.000009
3 0.000023
4 0.000013
1 0.000013
7 0.000010
5 0.000011
2 0.000011
0 0.000009
6 0.000013
3 0.000012
7 0.000010
4 0.000014
1 0.000013
5 0.000010
0 0.000010
2 0.000010
6 0.000012
3 0.000013
7 0.000010
4 0.000013
0 0.000010
5 0.000011
2 0.000010
1 0.000014
6 0.000013
3 0.000012
7 0.000009
0 0.000010
4 0.000013
5 0.000010
2 0.000010
1 0.000013
6 0.000013
7 0.000009
3 0.000012
0 0.000009
4 0.000013
5 0.000010
2 0.000010
1 0.000014
7 0.000009
6 0.000013
3 0.000013
0 0.000009
4 0.000013
5 0.000011
2 0.000011
7 0.000009
1 0.000013
6 0.000013
3 0.000013
0 0.000010
4 0.000013
5 0.000011
2 0.000011
7 0.000009
1 0.000013
6 0.000013
0 0.000010
3 0.000012
4 0.000013
7 0.000009
2 0.000011
5 0.000011
1 0.000014
0 0.000009
6 0.000013
3 0.000012
4 0.000013
2 0.000010
7 0.000010
5 0.000010
0 0.000010
1 0.000013
6 0.000013
3 0.000013
7 0.000009
4 0.000013
2 0.000011
0 0.000009
5 0.000010
1 0.000013
6 0.000013
3 0.000013
7 0.000009
4 0.000013
0 0.000009
2 0.000011
5 0.000010
1 0.000013
6 0.000013
3 0.000013
7 0.000009
0 0.000009
4 0.000013
2 0.000010
5 0.000010
1 0.000013
6 0.000013
7 0.000009
3 0.000012
0 0.000009
4 0.000010
2 0.000010
5 0.000009
1 0.000013
7 0.000009
6 0.000011
3 0.000010
0 0.000009
4 0.000010
2 0.000010
5 0.000009
1 0.000011
7 0.000009
6 0.000010
3 0.000017
0 0.000017
4 0.000010
2 0.000010
5 0.000009
7 0.000009
1 0.000010
6 0.000010
3 0.000010
0 0.000009
4 0.000010
2 0.000009
5 0.000009
7 0.000009
1 0.000010
6 0.000011
0 0.000009
3 0.000010
4 0.000010
2 0.000010
7 0.000009
5 0.000010
1 0.000010
0 0.000009
3 0.000010
6 0.000011
4 0.000010
7 0.000009
2 0.000010
5 0.000009
1 0.000010
0 0.000009
3 0.000011
6 0.000011
7 0.000009
2 0.000010
5 0.000009
4 0.000010
1 0.000010
0 0.000009
3 0.000010
6 0.000010
7 0.000010
2 0.000009
5 0.000009
4 0.000010
1 0.000010
0 0.000009
3 0.000011
6 0.000010
7 0.000009
2 0.000009
5 0.000009
4 0.000011
1 0.000011
0 0.000009
3 0.000011
6 0.000010
2 0.000010
7 0.000010
0 0.000009
1 0.000011
5 0.000010
4 0.000011
3 0.000010
6 0.000010
2 0.000009
7 0.000010
0 0.000009
1 0.000011
5 0.000009
4 0.000010
3 0.000010
6 0.000010
2 0.000009
0 0.000010
7 0.000010
1 0.000011
5 0.000009
4 0.000011
3 0.000010
6 0.000010
2 0.000010
7 0.000010
0 0.000010
1 0.000011
5 0.000009
3 0.000011
4 0.000011
6 0.000010
7 0.000010
2 0.000009
0 0.000009
1 0.000010
5 0.000009
3 0.000011
4 0.000011
6 0.000010
7 0.000010
2 0.000009
0 0.000009
1 0.000010
5 0.000009
3 0.000011
4 0.000010
6 0.000010
7 0.000010
2 0.000009
0 0.000009
1 0.000011
5 0.000008
3 0.000011
4 0.000011
7 0.000010
6 0.000010
0 0.000009
2 0.000009
5 0.000009
1 0.000024
3 0.000012
7 0.000010
4 0.000011
6 0.000010
0 0.000010
2 0.000009
5 0.000009
1 0.000011
7 0.000010
3 0.000011
4 0.000010
0 0.000010
6 0.000010
2 0.000009
5 0.000009
1 0.000011
7 0.000009
3 0.000011
0 0.000009
4 0.000010
6 0.000010
2 0.000009
5 0.000009
7 0.000010
1 0.000010
0 0.000009
4 0.000011
2 0.000009
6 0.000011
3 0.000011
5 0.000009
7 0.000009
1 0.000010
0 0.000009
4 0.000010
2 0.000009
6 0.000010
3 0.000010
5 0.000009
7 0.000010
1 0.000010
0 0.000009
4 0.000010
2 0.000009
6 0.000011
3 0.000010
7 0.000009
5 0.000009
1 0.000010
0 0.000009
4 0.000010
2 0.000009
6 0.000011
3 0.000010
7 0.000010
5 0.000009
1 0.000010
0 0.000009
4 0.000010
2 0.000010
6 0.000011
7 0.000010
3 0.000010
5 0.000009
0 0.000009
1 0.000010
4 0.000010
2 0.000010
7 0.000009
6 0.000011
3 0.000011
5 0.000009
0 0.000009
1 0.000010
4 0.000010
7 0.000009
2 0.000009
6 0.000011
3 0.000011
5 0.000009
0 0.000010
1 0.000010
4 0.000010
7 0.000009
2 0.000009
6 0.000011
0 0.000010
5 0.000009
3 0.000011
1 0.000010
7 0.000009
4 0.000010
2 0.000010
0 0.000010
6 0.000011
3 0.000011
5 0.000009
1 0.000010
7 0.000009
4 0.000010
2 0.000009
0 0.000009
3 0.000011
6 0.000011
5 0.000009
1 0.000010
7 0.000009
4 0.000010
2 0.000009
0 0.000009
3 0.000012
6 0.000011
5 0.000009
1 0.000010
7 0.000009
4 0.000010
2 0.000009
0 0.000009
5 0.000009
3 0.000011
7 0.000010
6 0.000011
1 0.000011
4 0.000010
2 0.000009
0 0.000009
7 0.000010
3 0.000011
5 0.000009
6 0.000010
1 0.000011
2 0.000009
4 0.000010
0 0.000010
7 0.000010
5 0.000009
3 0.000011
6 0.000011
2 0.000009
1 0.000011
4 0.000010
0 0.000010
7 0.000009
5 0.000009
6 0.000012
2 0.000009
0 0.000010
1 0.000011
4 0.000011
3 0.000012
7 0.000009
5 0.000009
2 0.000009
6 0.000011
0 0.000011
1 0.000011
4 0.000011
3 0.000010
7 0.000009
5 0.000009
2 0.000009
0 0.000010
6 0.000011
1 0.000011
4 0.000011
3 0.000011
7 0.000009
5 0.000009
2 0.000009
0 0.000009
6 0.000011
1 0.000011
3 0.000011
4 0.000011
7 0.000010
5 0.000009
0 0.000009
6 0.000011
2 0.000009
1 0.000011
7 0.000009
3 0.000010
4 0.000010
5 0.000009
0 0.000010
6 0.000010
2 0.000009
7 0.000009
1 0.000011
3 0.000010
4 0.000010
5 0.000009
0 0.000009
6 0.000010
2 0.000010
7 0.000009
1 0.000011
3 0.000011
4 0.000010
5 0.000009
0 0.000009
2 0.000009
7 0.000009
6 0.000010
1 0.000011
3 0.000011
5 0.000009
0 0.000009
4 0.000010
7 0.000009
2 0.000009
6 0.000011
1 0.000011
3 0.000011
5 0.000009
4 0.000010
0 0.000009
7 0.000009
2 0.000009
6 0.000011
1 0.000011
3 0.000010
5 0.000009
4 0.000010
7 0.000010
0 0.000010
2 0.000009
6 0.000011
1 0.000010
3 0.000010
5 0.000009
4 0.000010
0 0.000010
7 0.000010
2 0.000009
6 0.000010
1 0.000017
3 0.000018
5 0.000009
0 0.000010
4 0.000010
7 0.000009
2 0.000009
6 0.000010
1 0.000010
3 0.000010
5 0.000009
0 0.000010
4 0.000010
7 0.000010
2 0.000010
6 0.000010
1 0.000010
3 0.000010
0 0.000009
5 0.000009
4 0.000010
2 0.000010
7 0.000009
6 0.000010
1 0.000010
3 0.000010
0 0.000008
4 0.000010
5 0.000010
7 0.000010
2 0.000010
6 0.000010
1 0.000010
0 0.000008
3 0.000010
4 0.000010
7 0.000009
5 0.000010
2 0.000009
6 0.000011
1 0.000010
0 0.000009
3 0.000010
7 0.000009
4 0.000010
5 0.000009
2 0.000009
6 0.000010
1 0.000010
0 0.000009
3 0.000010
7 0.000010
4 0.000010
5 0.000010
2 0.000010
6 0.000010
0 0.000010
1 0.000010
3 0.000010
7 0.000009
4 0.000010
5 0.000010
2 0.000009
6 0.000010
0 0.000009
1 0.000010
7 0.000009
3 0.000010
4 0.000010
5 0.000010
2 0.000010
6 0.000010
0 0.000009
7 0.000009
3 0.000010
1 0.000010
4 0.000010
5 0.000010
2 0.000009
6 0.000010
0 0.000009
7 0.000009
3 0.000010
1 0.000010
4 0.000010
5 0.000010
2 0.000009
6 0.000010
0 0.000009
7 0.000009
3 0.000011
1 0.000010
4 0.000010
5 0.000010
2 0.000009
6 0.000010
0 0.000009
7 0.000009
3 0.000010
1 0.000011
4 0.000010
5 0.000009
2 0.000009
6 0.000010
0 0.000010
7 0.000009
3 0.000010
1 0.000011
4 0.000010
5 0.000010
2 0.000009
6 0.000010
0 0.000010
7 0.000010
3 0.000010
1 0.000011
4 0.000011
5 0.000009
2 0.000009
6 0.000010
7 0.000011
0 0.000010
3 0.000010
1 0.000010
4 0.000010
5 0.000010
2 0.000010
7 0.000010
6 0.000010
0 0.000009
3 0.000009
1 0.000011
4 0.000010
5 0.000010
7 0.000009
2 0.000010
0 0.000008
6 0.000010
3 0.000010
1 0.000011
4 0.000010
5 0.000010
7 0.000009
2 0.000010
0 0.000009
6 0.000010
3 0.000010
1 0.000010
4 0.000011
5 0.000010
0 0.000009
2 0.000010
7 0.000009
6 0.000010
3 0.000010
1 0.000010
0 0.000009
4 0.000011
5 0.000010
2 0.000009
6 0.000011
7 0.000008
3 0.000010
1 0.000011
0 0.000008
5 0.000010
2 0.000009
4 0.000010
6 0.000011
7 0.000008
3 0.000010
0 0.000008
1 0.000010
5 0.000010
2 0.000009
4 0.000010
6 0.000011
7 0.000008
3 0.000010
0 0.000008
1 0.000010
5 0.000010
2 0.000008
4 0.000010
6 0.000011
7 0.000009
3 0.000010
0 0.000008
1 0.000010
5 0.000010
2 0.000008
4 0.000008
6 0.000010
3 0.000008
7 0.000009
0 0.000009
1 0.000010
5 0.000011
2 0.000009
4 0.000008
6 0.000011
3 0.000008
0 0.000009
7 0.000009
1 0.000010
2 0.000009
4 0.000008
6 0.000010
5 0.000011
0 0.000009
3 0.000008
7 0.000008
1 0.000010
4 0.000008
0 0.000009
2 0.000009
5 0.000011
6 0.000011
7 0.000008
1 0.000011
3 0.000008
4 0.000008
0 0.000008
2 0.000009
7 0.000009
6 0.000011
1 0.000011
5 0.000011
3 0.000008
4 0.000008
0 0.000008
2 0.000009
7 0.000009
6 0.000011
5 0.000010
3 0.000008
4 0.000008
0 0.000008
1 0.000012
2 0.000009
6 0.000010
4 0.000008
7 0.000009
5 0.000010
3 0.000008
1 0.000010
0 0.000026
2 0.000009
4 0.000008
6 0.000011
7 0.000008
5 0.000010
3 0.000008
4 0.000009
2 0.000010
1 0.000019
6 0.000012
3 0.000008
5 0.000014
7 0.000024
4 0.000008
0 0.000014
2 0.000008
6 0.000012
7 0.000011
3 0.000009
5 0.000011
1 0.000015
4 0.000008
2 0.000008
7 0.000012
6 0.000011
0 0.000011
3 0.000009
5 0.000010
4 0.000008
2 0.000008
1 0.000015
7 0.000011
6 0.000011
4 0.000008
3 0.000008
5 0.000010
0 0.000011
2 0.000009
7 0.000011
4 0.000009
6 0.000012
3 0.000009
5 0.000011
1 0.000018
2 0.000009
7 0.000011
0 0.000012
5 0.000012
4 0.000043
6 0.000018
3 0.000013
7 0.000010
1 0.000019
5 0.000012
6 0.000012
3 0.000010
7 0.000011
0 0.000014
4 0.000013
1 0.000016
7 0.000010
4 0.000013
0 0.000011
7 0.000011
4 0.000015
1 0.000020
7 0.000010
0 0.000012
4 0.000013
7 0.000011
1 0.000029
4 0.000013
0 0.000018
7 0.000013
4 0.000014
7 0.000011
0 0.000009
4 0.000012
7 0.000010
0 0.000009
7 0.000010
4 0.000013
0 0.000009
7 0.000010
4 0.000012
0 0.000009
7 0.000009
4 0.000012
0 0.000009
7 0.000009
4 0.000012
0 0.000009
7 0.000009
4 0.000012
0 0.000009
7 0.000009
4 0.000012
0 0.000011
7 0.000009
4 0.000012
0 0.000010
7 0.000009
4 0.000012
0 0.000010
7 0.000009
4 0.000011
0 0.000009
7 0.000009
4 0.000010
0 0.000010
7 0.000010
4 0.000010
0 0.000011
7 0.000009
4 0.000010
0 0.000011
7 0.000010
4 0.000010
0 0.000010
7 0.000011
0 0.000011
7 0.000010
4 0.000010
0 0.000010
7 0.000010
4 0.000010
0 0.000010
7 0.000010
4 0.000010
0 0.000010
7 0.000011
4 0.000010
0 0.000010
7 0.000011
4 0.000010
0 0.000011
7 0.000011
4 0.000008
0 0.000010
7 0.000010
4 0.000008
0 0.000010
7 0.000011
4 0.000008
0 0.000010
7 0.000010
4 0.000008
0 0.000010
7 0.000010
4 0.000008
0 0.000011
7 0.000010
4 0.000008
7 0.000010
0 0.000011
4 0.000008
7 0.000010
0 0.000011
4 0.000008
7 0.000010
0 0.000011
4 0.000008
7 0.000010
0 0.000011
4 0.000008
7 0.000010
0 0.000011
4 0.000008
7 0.000010
0 0.000010
4 0.000008
7 0.000010
0 0.000011
4 0.000008
7 0.000010
0 0.000010
4 0.000008
7 0.000010
0 0.000010
4 0.000008
7 0.000010
0 0.000010
7 0.000010
0 0.000010
7 0.000010
0 0.000010
7 0.000010
0 0.000009
7 0.000010
0 0.000009
7 0.000010
0 0.000010
7 0.000010
0 0.000009
7 0.000010
0 0.000009
7 0.000010
0 0.000009
7 0.000010
0 0.000009
7 0.000010
0 0.000009
7 0.000010
0 0.000009
7 0.000010
0 0.000009
7 0.000010
0 0.000009
7 0.000010
0 0.000009
7 0.000010
0 0.000009
7 0.000010
0 0.000009
7 0.000010
0 0.000009
7 0.000010
0 0.000009
7 0.000010
0 0.000009
7 0.000010
0 0.000010
7 0.000010
0 0.000010
7 0.000010
0 0.000010
7 0.000010
0 0.000009
7 0.000010
0 0.000010
7 0.000011
0 0.000009
7 0.000010
0 0.000009
7 0.000011
0 0.000010
7 0.000011
0 0.000009
7 0.000011
0 0.000010
7 0.000011
0 0.000010
7 0.000011
0 0.000009
7 0.000011
0 0.000009
7 0.000011
0 0.000010
7 0.000010
0 0.000010
7 0.000011
0 0.000010
7 0.000011
0 0.000010
0 0.000010
7 0.000011
0 0.000010
7 0.000011
0 0.000010
7 0.000011
0 0.000010
7 0.000010
0 0.000008
7 0.000011
0 0.000008
7 0.000011
0 0.000008
7 0.000011
0 0.000008
7 0.000011
0 0.000009
0 0.000008
7 0.000010
0 0.000009
7 0.000011
0 0.000008
7 0.000010
0 0.000008
7 0.000010
0 0.000008
7 0.000011
0 0.000008
7 0.000012
0 0.000008
0 0.000008
0 0.000008
0 0.000008
0 0.000029
1 0.000130
2 0.000186
4 0.000118
3 0.000119
7 0.000190
5 0.000184
0 0.000010
0 0.000011
2 0.000021
1 0.000015
4 0.000016
3 0.000015
0 0.000009
7 0.000013
5 0.000010
2 0.000009
1 0.000013
4 0.000013
0 0.000009
3 0.000013
7 0.000012
5 0.000010
2 0.000010
1 0.000013
0 0.000009
4 0.000013
3 0.000013
7 0.000012
5 0.000010
2 0.000010
0 0.000009
1 0.000013
4 0.000013
3 0.000013
7 0.000013
2 0.000010
5 0.000011
0 0.000010
1 0.000014
4 0.000013
3 0.000013
6 0.000078
2 0.000012
7 0.000014
5 0.000013
0 0.000011
1 0.000013
4 0.000013
3 0.000013
2 0.000012
7 0.000013
0 0.000011
5 0.000012
1 0.000014
4 0.000013
3 0.000013
2 0.000012
0 0.000011
7 0.000013
5 0.000011
6 0.000010
1 0.000013
4 0.000013
3 0.000013
2 0.000011
7 0.000013
0 0.000010
6 0.000011
5 0.000011
1 0.000013
4 0.000013
3 0.000013
2 0.000011
7 0.000013
0 0.000010
6 0.000010
5 0.000010
1 0.000013
4 0.000012
3 0.000012
2 0.000010
0 0.000010
7 0.000013
6 0.000010
5 0.000010
1 0.000013
4 0.000013
3 0.000012
2 0.000011
0 0.000011
6 0.000011
7 0.000012
5 0.000010
1 0.000013
4 0.000013
3 0.000013
2 0.000011
0 0.000010
6 0.000010
7 0.000012
5 0.000010
1 0.000013
4 0.000021
0 0.000011
2 0.000011
6 0.000011
3 0.000013
7 0.000013
5 0.000010
1 0.000013
4 0.000013
0 0.000010
2 0.000010
6 0.000011
3 0.000013
7 0.000013
5 0.000010
1 0.000013
4 0.000013
0 0.000010
6 0.000010
2 0.000010
3 0.000013
5 0.000011
7 0.000013
1 0.000013
4 0.000013
0 0.000010
6 0.000011
2 0.000009
3 0.000014
5 0.000010
7 0.000013
1 0.000010
4 0.000010
6 0.000011
0 0.000010
2 0.000010
3 0.000010
5 0.000009
7 0.000010
1 0.000010
6 0.000011
4 0.000010
0 0.000009
2 0.000009
3 0.000010
5 0.000009
7 0.000010
1 0.000010
6 0.000011
4 0.000010
0 0.000009
2 0.000010
5 0.000009
7 0.000011
3 0.000010
1 0.000010
6 0.000011
0 0.000009
4 0.000010
2 0.000009
5 0.000009
7 0.000011
3 0.000010
6 0.000010
1 0.000010
0 0.000009
4 0.000010
2 0.000009
5 0.000009
7 0.000011
3 0.000010
6 0.000010
1 0.000010
4 0.000010
2 0.000009
0 0.000009
5 0.000009
7 0.000011
3 0.000010
6 0.000009
1 0.000010
4 0.000010
2 0.000010
0 0.000009
5 0.000009
6 0.000009
7 0.000010
3 0.000010
1 0.000011
4 0.000010
0 0.000009
2 0.000009
5 0.000009
6 0.000009
7 0.000010
3 0.000010
1 0.000010
4 0.000010
0 0.000009
2 0.000009
5 0.000010
6 0.000009
7 0.000010
3 0.000011
1 0.000010
0 0.000009
4 0.000010
2 0.000010
5 0.000010
6 0.000009
7 0.000011
3 0.000011
0 0.000009
1 0.000010
4 0.000011
2 0.000009
5 0.000009
6 0.000009
7 0.000010
3 0.000021
0 0.000009
1 0.000010
4 0.000010
2 0.000009
5 0.000009
6 0.000009
7 0.000011
3 0.000011
0 0.000009
1 0.000010
4 0.000010
2 0.000009
6 0.000010
5 0.000009
7 0.000011
0 0.000009
3 0.000011
1 0.000011
4 0.000010
2 0.000009
6 0.000010
5 0.000009
0 0.000009
7 0.000010
3 0.000011
1 0.000011
4 0.000010
2 0.000009
6 0.000010
5 0.000009
0 0.000009
7 0.000010
3 0.000010
1 0.000011
4 0.000010
2 0.000010
6 0.000010
5 0.000009
0 0.000009
7 0.000010
3 0.000011
1 0.000011
4 0.000010
2 0.000010
6 0.000010
0 0.000009
5 0.000009
7 0.000011
3 0.000010
1 0.000011
4 0.000011
6 0.000010
2 0.000009
0 0.000009
5 0.000009
7 0.000010
3 0.000010
6 0.000010
1 0.000011
4 0.000010
2 0.000009
0 0.000009
5 0.000009
7 0.000010
3 0.000010
6 0.000009
1 0.000010
2 0.000009
0 0.000009
4 0.000011
5 0.000009
7 0.000010
3 0.000010
6 0.000009
1 0.000010
0 0.000009
2 0.000009
4 0.000010
5 0.000009
7 0.000010
3 0.000010
6 0.000009
1 0.000010
0 0.000010
2 0.000009
4 0.000010
5 0.000009
7 0.000010
6 0.000009
3 0.000010
1 0.000010
0 0.000010
2 0.000009
4 0.000010
5 0.000009
6 0.000009
7 0.000010
3 0.000010
0 0.000009
1 0.000010
2 0.000009
4 0.000010
5 0.000009
6 0.000009
7 0.000010
3 0.000010
0 0.000010
1 0.000010
2 0.000009
4 0.000010
5 0.000009
6 0.000010
7 0.000010
3 0.000010
0 0.000009
1 0.000010
2 0.000009
4 0.000010
5 0.000009
6 0.000009
7 0.000021
3 0.000017
0 0.000009
1 0.000009
2 0.000009
4 0.000010
6 0.000010
5 0.000009
0 0.000009
7 0.000011
3 0.000010
1 0.000010
2 0.000009
6 0.000010
4 0.000010
5 0.000009
0 0.000008
7 0.000011
3 0.000011
2 0.000009
1 0.000010
6 0.000010
4 0.000010
5 0.000009
0 0.000009
7 0.000011
3 0.000011
2 0.000009
1 0.000010
6 0.000009
4 0.000010
5 0.000009
0 0.000009
7 0.000011
3 0.000011
2 0.000009
1 0.000010
6 0.000010
4 0.000010
5 0.000009
0 0.000009
7 0.000011
3 0.000010
2 0.000009
1 0.000010
6 0.000010
4 0.000010
5 0.000009
0 0.000009
7 0.000011
2 0.000009
3 0.000011
6 0.000010
1 0.000010
4 0.000010
5 0.000009
0 0.000009
7 0.000011
2 0.000009
6 0.000010
3 0.000011
1 0.000010
4 0.000010
5 0.000009
0 0.000009
7 0.000011
2 0.000009
6 0.000010
3 0.000011
1 0.000010
4 0.000010
5 0.000009
0 0.000009
7 0.000010
2 0.000009
3 0.000011
6 0.000010
1 0.000010
4 0.000010
5 0.000009
0 0.000010
2 0.000009
7 0.000011
6 0.000010
3 0.000011
1 0.000010
4 0.000010
0 0.000010
5 0.000009
2 0.000009
6 0.000009
3 0.000011
1 0.000011
7 0.000011
0 0.000009
4 0.000010
5 0.000009
2 0.000009
6 0.000010
1 0.000011
0 0.000009
3 0.000011
5 0.000010
4 0.000011
7 0.000012
2 0.000009
6 0.000010
0 0.000009
1 0.000011
5 0.000010
3 0.000011
4 0.000012
7 0.000010
2 0.000009
6 0.000010
0 0.000009
1 0.000011
5 0.000010
3 0.000011
7 0.000011
4 0.000012
2 0.000016
6 0.000010
0 0.000009
1 0.000010
5 0.000009
3 0.000011
4 0.000011
7 0.000010
2 0.000009
6 0.000010
0 0.000009
1 0.000010
5 0.000009
3 0.000011
4 0.000012
7 0.000010
2 0.000009
6 0.000010
0 0.000009
1 0.000010
5 0.000009
3 0.000011
4 0.000011
7 0.000011
6 0.000010
2 0.000010
0 0.000009
1 0.000010
5 0.000009
3 0.000011
4 0.000012
6 0.000011
7 0.000011
2 0.000010
0 0.000009
1 0.000010
5 0.000009
6 0.000010
4 0.000011
2 0.000010
0 0.000010
3 0.000011
7 0.000011
1 0.000010
5 0.000009
6 0.000010
4 0.000011
0 0.000010
2 0.000009
3 0.000010
7 0.000011
1 0.000010
5 0.000009
6 0.000010
4 0.000011
2 0.000009
0 0.000010
3 0.000011
7 0.000011
1 0.000010
5 0.000009
6 0.000010
4 0.000011
0 0.000010
3 0.000010
7 0.000011
2 0.000009
1 0.000010
5 0.000009
6 0.000009
0 0.000009
4 0.000011
7 0.000011
3 0.000011
2 0.000010
5 0.000009
6 0.000010
1 0.000010
0 0.000009
4 0.000011
7 0.000011
3 0.000010
2 0.000010
6 0.000010
5 0.000009
1 0.000010
0 0.000009
4 0.000011
7 0.000011
3 0.000011
6 0.000010
2 0.000010
5 0.000010
1 0.000010
0 0.000009
4 0.000010
7 0.000010
3 0.000010
6 0.000010
2 0.000010
5 0.000010
0 0.000009
1 0.000010
4 0.000010
7 0.000010
6 0.000010
3 0.000010
5 0.000010
0 0.000010
1 0.000011
2 0.000010
4 0.000010
7 0.000009
6 0.000010
0 0.000010
5 0.000010
3 0.000011
1 0.000018
2 0.000009
4 0.000010
7 0.000009
6 0.000010
0 0.000009
5 0.000010
3 0.000010
1 0.000010
2 0.000009
4 0.000010
7 0.000009
6 0.000010
0 0.000009
5 0.000009
3 0.000011
1 0.000011
2 0.000009
4 0.000010
7 0.000009
6 0.000010
0 0.000009
5 0.000010
3 0.000011
1 0.000010
2 0.000009
4 0.000011
6 0.000010
7 0.000009
0 0.000009
5 0.000010
3 0.000010
1 0.000010
2 0.000009
4 0.000011
6 0.000010
7 0.000010
0 0.000009
5 0.000009
3 0.000010
1 0.000010
2 0.000010
4 0.000010
7 0.000010
0 0.000010
6 0.000011
5 0.000009
3 0.000010
1 0.000010
2 0.000009
0 0.000009
4 0.000011
6 0.000010
7 0.000010
5 0.000009
3 0.000011
1 0.000010
2 0.000009
6 0.000010
0 0.000009
4 0.000010
7 0.000010
5 0.000009
3 0.000010
1 0.000010
2 0.000010
6 0.000010
4 0.000010
7 0.000010
5 0.000010
0 0.000008
3 0.000010
1 0.000010
2 0.000009
6 0.000009
4 0.000011
7 0.000011
0 0.000008
5 0.000010
3 0.000010
1 0.000010
2 0.000009
6 0.000009
4 0.000010
7 0.000010
0 0.000008
5 0.000010
3 0.000010
1 0.000010
2 0.000009
6 0.000010
4 0.000010
7 0.000010
0 0.000008
5 0.000010
3 0.000011
6 0.000010
2 0.000010
1 0.000010
4 0.000010
7 0.000010
0 0.000009
5 0.000011
3 0.000011
6 0.000009
2 0.000010
1 0.000008
4 0.000010
7 0.000010
0 0.000009
3 0.000010
5 0.000011
6 0.000010
2 0.000010
1 0.000008
4 0.000010
7 0.000008
3 0.000016
0 0.000016
5 0.000017
6 0.000019
2 0.000010
1 0.000008
4 0.000010
7 0.000008
3 0.000010
6 0.000010
0 0.000009
5 0.000011
1 0.000008
2 0.000010
7 0.000008
4 0.000010
6 0.000010
3 0.000010
0 0.000008
5 0.000010
1 0.000009
2 0.000010
7 0.000008
4 0.000010
6 0.000010
3 0.000010
0 0.000008
5 0.000010
1 0.000009
7 0.000008
2 0.000010
6 0.000010
4 0.000010
3 0.000010
0 0.000008
5 0.000010
7 0.000009
1 0.000009
2 0.000010
6 0.000010
4 0.000010
3 0.000010
0 0.000009
5 0.000010
7 0.000008
1 0.000008
6 0.000010
2 0.000010
4 0.000010
3 0.000010
0 0.000008
7 0.000008
5 0.000010
1 0.000008
6 0.000010
2 0.000010
4 0.000011
3 0.000010
7 0.000008
5 0.000011
0 0.000015
1 0.000008
6 0.000008
2 0.000010
4 0.000010
7 0.000008
3 0.000010
0 0.000013
5 0.000012
6 0.000008
1 0.000008
2 0.000010
4 0.000010
7 0.000008
3 0.000010
0 0.000011
6 0.000008
5 0.000010
1 0.000008
7 0.000008
2 0.000010
4 0.000010
3 0.000010
0 0.000010
6 0.000009
5 0.000010
1 0.000008
7 0.000008
2 0.000010
4 0.000010
0 0.000010
6 0.000009
3 0.000010
5 0.000010
1 0.000009
7 0.000008
2 0.000010
4 0.000010
0 0.000010
6 0.000009
3 0.000010
5 0.000009
7 0.000009
1 0.000009
4 0.000011
0 0.000012
6 0.000009
2 0.000034
3 0.000012
7 0.000036
0 0.000011
3 0.000010
2 0.000016
0 0.000009
7 0.000012
2 0.000009
0 0.000009
7 0.000012
2 0.000010
0 0.000009
7 0.000012
2 0.000011
0 0.000010
7 0.000012
2 0.000011
0 0.000009
7 0.000012
2 0.000010
0 0.000009
7 0.000012
2 0.000011
0 0.000009
7 0.000012
2 0.000010
0 0.000009
7 0.000012
2 0.000010
0 0.000010
7 0.000012
0 0.000010
2 0.000010
7 0.000012
0 0.000009
2 0.000010
7 0.000012
0 0.000009
2 0.000010
0 0.000009
7 0.000012
2 0.000010
0 0.000009
7 0.000012
2 0.000010
0 0.000009
7 0.000012
2 0.000011
0 0.000009
7 0.000012
2 0.000011
0 0.000009
7 0.000012
2 0.000009
0 0.000010
7 0.000010
2 0.000009
0 0.000009
7 0.000010
2 0.000009
0 0.000009
7 0.000010
2 0.000009
0 0.000009
7 0.000010
2 0.000009
0 0.000009
7 0.000010
0 0.000009
2 0.000009
0 0.000010
7 0.000010
2 0.000009
0 0.000009
7 0.000010
2 0.000009
0 0.000009
7 0.000010
2 0.000009
0 0.000009
7 0.000010
2 0.000009
0 0.000009
7 0.000010
2 0.000009
0 0.000009
7 0.000010
2 0.000009
0 0.000009
7 0.000010
2 0.000009
0 0.000009
7 0.000010
2 0.000009
0 0.000009
2 0.000014
7 0.000017
0 0.000009
2 0.000009
7 0.000010
0 0.000009
2 0.000009
0 0.000010
7 0.000010
2 0.000009
0 0.000009
7 0.000010
2 0.000009
0 0.000009
7 0.000009
2 0.000010
0 0.000010
7 0.000010
0 0.000009
2 0.000009
7 0.000009
0 0.000009
2 0.000009
7 0.000010
0 0.000009
2 0.000009
7 0.000010
0 0.000009
2 0.000009
7 0.000009
0 0.000009
2 0.000009
7 0.000009
0 0.000009
2 0.000009
0 0.000009
2 0.000009
0 0.000009
2 0.000009
0 0.000009
2 0.000009
0 0.000009
2 0.000009
0 0.000009
2 0.000009
0 0.000009
2 0.000009
0 0.000009
2 0.000009
0 0.000009
2 0.000009
0 0.000009
2 0.000009
0 0.000009
2 0.000009
0 0.000009
2 0.000009
0 0.000009
2 0.000009
0 0.000009
2 0.000009
0 0.000009
2 0.000009
0 0.000009
2 0.000009
0 0.000009
2 0.000009
0 0.000009
2 0.000009
0 0.000009
2 0.000009
0 0.000010
2 0.000009
0 0.000010
0 0.000010
2 0.000009
0 0.000010
2 0.000009
0 0.000009
2 0.000009
0 0.000009
2 0.000009
0 0.000009
2 0.000009
0 0.000009
2 0.000009
0 0.000009
2 0.000009
0 0.000009
2 0.000009
0 0.000009
2 0.000009
0 0.000009
2 0.000009
0 0.000009
2 0.000009
0 0.000009
2 0.000009
0 0.000009
2 0.000009
0 0.000008
2 0.000009
0 0.000008
2 0.000009
0 0.000008
2 0.000010
0 0.000013
2 0.000009
0 0.000008
2 0.000009
0 0.000008
2 0.000009
0 0.000008
2 0.000010
0 0.000008
2 0.000010
0 0.000008
2 0.000009
0 0.000008
2 0.000009
0 0.000008
2 0.000009
0 0.000008
2 0.000009
0 0.000008
2 0.000009
0 0.000008
2 0.000009
0 0.000008
2 0.000010
2 0.000010
2 0.000009
2 0.000009
2 0.000009
2 0.000010
2 0.000009
2 0.000010
2 0.000009
2 0.000010
2 0.000009
0 0.000029
2 0.000150
4 0.000158
6 0.000129
3 0.000111
1 0.000110
5 0.000151
0 0.000011
7 0.000034
0 0.000011
2 0.000013
4 0.000017
7 0.000011
6 0.000015
3 0.000015
0 0.000011
1 0.000013
5 0.000011
2 0.000010
4 0.000013
7 0.000010
6 0.000013
0 0.000010
3 0.000013
1 0.000012
5 0.000011
2 0.000010
7 0.000010
4 0.000013
0 0.000010
6 0.000013
3 0.000013
5 0.000011
1 0.000012
7 0.000011
2 0.000010
0 0.000010
4 0.000013
3 0.000013
6 0.000013
5 0.000010
7 0.000010
1 0.000012
0 0.000010
2 0.000010
4 0.000014
6 0.000013
3 0.000014
7 0.000011
5 0.000011
1 0.000012
0 0.000010
2 0.000010
4 0.000013
6 0.000014
7 0.000021
3 0.000023
5 0.000011
0 0.000011
1 0.000013
2 0.000010
4 0.000014
6 0.000014
7 0.000010
3 0.000014
0 0.000011
5 0.000012
2 0.000010
1 0.000013
4 0.000014
7 0.000010
0 0.000010
6 0.000013
3 0.000013
5 0.000010
2 0.000011
1 0.000012
7 0.000009
0 0.000010
4 0.000013
6 0.000013
3 0.000013
5 0.000011
2 0.000011
1 0.000012
7 0.000010
0 0.000010
4 0.000013
6 0.000013
3 0.000013
5 0.000011
2 0.000012
1 0.000012
7 0.000010
0 0.000009
4 0.000013
6 0.000013
5 0.000011
2 0.000012
3 0.000014
1 0.000013
7 0.000009
0 0.000010
4 0.000013
6 0.000013
2 0.000011
5 0.000012
1 0.000013
3 0.000014
0 0.000010
7 0.000010
4 0.000012
6 0.000013
5 0.000011
2 0.000011
0 0.000010
3 0.000014
1 0.000013
7 0.000010
4 0.000012
6 0.000013
5 0.000011
0 0.000011
2 0.000011
7 0.000010
3 0.000013
1 0.000014
4 0.000013
6 0.000012
5 0.000011
0 0.000011
2 0.000011
7 0.000010
3 0.000013
1 0.000014
4 0.000012
6 0.000013
0 0.000011
5 0.000011
7 0.000009
2 0.000009
3 0.000013
1 0.000013
4 0.000009
6 0.000010
0 0.000010
5 0.000010
2 0.000009
7 0.000009
3 0.000010
1 0.000011
4 0.000010
0 0.000009
6 0.000010
5 0.000010
2 0.000010
7 0.000009
3 0.000010
1 0.000011
4 0.000010
0 0.000010
6 0.000010
7 0.000010
5 0.000010
2 0.000010
3 0.000010
1 0.000010
4 0.000009
0 0.000009
6 0.000010
7 0.000010
5 0.000016
2 0.000017
3 0.000010
1 0.000010
0 0.000009
4 0.000010
6 0.000010
7 0.000010
5 0.000010
2 0.000010
3 0.000010
1 0.000010
0 0.000009
4 0.000010
7 0.000009
6 0.000010
5 0.000010
2 0.000010
3 0.000010
1 0.000011
0 0.000009
4 0.000010
7 0.000009
6 0.000010
5 0.000010
2 0.000010
3 0.000010
0 0.000009
1 0.000011
4 0.000010
7 0.000009
6 0.000010
5 0.000010
2 0.000010
0 0.000010
3 0.000010
1 0.000011
7 0.000009
4 0.000010
6 0.000009
5 0.000010
0 0.000010
2 0.000009
3 0.000010
1 0.000010
7 0.000009
4 0.000010
6 0.000009
5 0.000009
0 0.000010
2 0.000009
3 0.000010
7 0.000009
1 0.000011
4 0.000010
6 0.000010
0 0.000010
5 0.000010
2 0.000009
3 0.000010
7 0.000010
1 0.000011
4 0.000010
6 0.000010
0 0.000010
5 0.000009
2 0.000009
7 0.000010
3 0.000010
1 0.000010
4 0.000010
6 0.000010
0 0.000010
5 0.000009
7 0.000009
2 0.000009
3 0.000010
1 0.000010
4 0.000010
6 0.000010
0 0.000010
5 0.000010
7 0.000010
2 0.000009
3 0.000010
1 0.000010
4 0.000010
6 0.000010
0 0.000010
7 0.000010
5 0.000009
2 0.000009
3 0.000010
1 0.000010
4 0.000010
6 0.000010
0 0.000010
7 0.000010
5 0.000010
2 0.000009
3 0.000010
1 0.000010
4 0.000010
0 0.000010
7 0.000009
6 0.000010
5 0.000009
2 0.000009
3 0.000010
1 0.000010
4 0.000010
0 0.000010
7 0.000009
6 0.000010
5 0.000009
2 0.000009
3 0.000010
1 0.000010
4 0.000010
0 0.000010
7 0.000010
6 0.000015
5 0.000016
2 0.000009
3 0.000010
1 0.000010
0 0.000010
4 0.000010
7 0.000009
6 0.000010
5 0.000010
2 0.000009
3 0.000010
1 0.000010
0 0.000009
4 0.000010
7 0.000009
6 0.000010
5 0.000010
2 0.000009
3 0.000010
1 0.000010
0 0.000010
4 0.000010
7 0.000009
6 0.000010
5 0.000010
2 0.000009
3 0.000010
1 0.000011
0 0.000010
7 0.000009
4 0.000009
6 0.000010
5 0.000010
2 0.000009
3 0.000010
0 0.000010
7 0.000009
1 0.000010
4 0.000010
5 0.000010
2 0.000009
6 0.000010
3 0.000010
0 0.000010
7 0.000009
1 0.000011
4 0.000010
5 0.000009
2 0.000009
6 0.000010
3 0.000010
0 0.000010
7 0.000010
1 0.000011
4 0.000011
5 0.000009
2 0.000009
6 0.000010
3 0.000010
0 0.000010
7 0.000010
1 0.000011
4 0.000010
5 0.000009
2 0.000009
6 0.000010
0 0.000010
3 0.000010
7 0.000010
1 0.000010
4 0.000011
5 0.000009
2 0.000009
6 0.000010
0 0.000010
7 0.000009
3 0.000009
1 0.000011
4 0.000010
5 0.000010
2 0.000010
6 0.000011
0 0.000011
3 0.000010
7 0.000010
1 0.000010
4 0.000010
5 0.000010
2 0.000010
6 0.000010
0 0.000010
7 0.000009
3 0.000010
1 0.000010
4 0.000010
5 0.000010
2 0.000010
6 0.000010
0 0.000010
7 0.000009
3 0.000010
1 0.000010
4 0.000011
5 0.000010
2 0.000010
6 0.000010
0 0.000010
7 0.000010
3 0.000010
1 0.000010
4 0.000010
5 0.000010
6 0.000010
0 0.000011
7 0.000010
2 0.000010
3 0.000010
1 0.000011
4 0.000011
0 0.000015
5 0.000016
6 0.000020
2 0.000010
3 0.000011
7 0.000050
1 0.000010
5 0.000009
6 0.000011
4 0.000010
2 0.000009
0 0.000010
3 0.000010
7 0.000009
1 0.000010
5 0.000009
2 0.000009
6 0.000011
0 0.000011
3 0.000010
7 0.000010
4 0.000011
1 0.000009
5 0.000009
2 0.000009
0 0.000010
7 0.000009
6 0.000011
4 0.000011
3 0.000011
1 0.000010
5 0.000009
2 0.000009
0 0.000010
7 0.000009
6 0.000011
4 0.000011
5 0.000009
3 0.000010
1 0.000010
2 0.000009
0 0.000010
7 0.000010
6 0.000010
4 0.000011
5 0.000009
3 0.000010
1 0.000011
2 0.000010
0 0.000010
7 0.000011
6 0.000010
4 0.000011
5 0.000009
3 0.000011
1 0.000011
2 0.000009
0 0.000010
7 0.000010
6 0.000010
4 0.000011
5 0.000009
3 0.000010
1 0.000010
2 0.000010
7 0.000010
0 0.000010
6 0.000010
4 0.000010
5 0.000009
3 0.000010
1 0.000010
7 0.000010
2 0.000009
0 0.000009
6 0.000010
5 0.000009
4 0.000010
3 0.000010
1 0.000011
7 0.000010
2 0.000009
0 0.000009
6 0.000010
5 0.000009
4 0.000011
3 0.000011
7 0.000010
1 0.000011
2 0.000009
0 0.000009
6 0.000010
5 0.000009
7 0.000010
3 0.000010
1 0.000011
4 0.000011
2 0.000009
0 0.000010
6 0.000010
5 0.000009
7 0.000009
3 0.000010
1 0.000011
4 0.000010
2 0.000009
0 0.000009
6 0.000010
5 0.000009
7 0.000009
3 0.000010
1 0.000010
4 0.000011
2 0.000009
0 0.000009
6 0.000010
5 0.000009
7 0.000010
3 0.000020
1 0.000011
2 0.000010
0 0.000010
4 0.000011
6 0.000010
5 0.000009
7 0.000009
3 0.000010
1 0.000011
0 0.000009
2 0.000009
4 0.000010
6 0.000010
5 0.000009
7 0.000009
3 0.000010
0 0.000010
1 0.000011
2 0.000010
4 0.000011
6 0.000011
7 0.000010
5 0.000009
3 0.000010
0 0.000009
1 0.000010
2 0.000009
7 0.000010
4 0.000010
5 0.000010
6 0.000010
3 0.000010
0 0.000009
1 0.000010
2 0.000009
7 0.000010
5 0.000009
4 0.000010
6 0.000010
0 0.000009
3 0.000010
1 0.000010
2 0.000009
7 0.000009
5 0.000009
4 0.000010
6 0.000010
0 0.000009
3 0.000010
1 0.000010
2 0.000009
7 0.000010
5 0.000009
4 0.000010
6 0.000010
0 0.000009
3 0.000010
1 0.000011
7 0.000010
2 0.000010
5 0.000009
4 0.000010
6 0.000009
0 0.000009
3 0.000010
7 0.000009
1 0.000010
2 0.000010
5 0.000009
4 0.000010
6 0.000010
0 0.000009
7 0.000009
3 0.000010
1 0.000010
2 0.000010
5 0.000009
4 0.000010
0 0.000009
6 0.000010
7 0.000009
3 0.000010
1 0.000010
2 0.000010
5 0.000009
0 0.000009
4 0.000011
6 0.000010
7 0.000009
3 0.000010
1 0.000010
2 0.000010
0 0.000009
4 0.000010
5 0.000009
6 0.000010
7 0.000009
3 0.000010
1 0.000010
2 0.000010
0 0.000009
4 0.000010
5 0.000009
6 0.000010
7 0.000009
3 0.000010
1 0.000010
2 0.000009
0 0.000008
4 0.000010
5 0.000009
7 0.000009
6 0.000011
3 0.000010
1 0.000010
0 0.000008
2 0.000009
4 0.000010
5 0.000009
7 0.000011
6 0.000016
3 0.000010
1 0.000010
0 0.000008
2 0.000010
4 0.000010
5 0.000010
7 0.000011
6 0.000010
3 0.000010
0 0.000008
1 0.000010
2 0.000010
4 0.000010
5 0.000009
6 0.000010
7 0.000011
3 0.000010
0 0.000008
1 0.000010
2 0.000010
4 0.000010
5 0.000009
6 0.000010
7 0.000011
3 0.000010
0 0.000008
1 0.000010
2 0.000010
4 0.000011
5 0.000009
6 0.000010
3 0.000010
7 0.000012
0 0.000009
1 0.000010
2 0.000010
4 0.000010
5 0.000008
6 0.000010
3 0.000010
0 0.000009
7 0.000012
1 0.000010
2 0.000010
4 0.000010
5 0.000008
6 0.000009
3 0.000008
0 0.000008
7 0.000012
1 0.000011
4 0.000010
2 0.000010
5 0.000008
6 0.000009
3 0.000009
0 0.000008
1 0.000010
7 0.000012
4 0.000010
2 0.000011
5 0.000009
3 0.000008
0 0.000008
6 0.000008
1 0.000010
7 0.000012
4 0.000010
2 0.000011
3 0.000009
0 0.000008
5 0.000009
6 0.000008
1 0.000010
7 0.000013
4 0.000010
3 0.000009
0 0.000008
2 0.000010
5 0.000008
6 0.000008
1 0.000010
3 0.000008
0 0.000009
7 0.000013
4 0.000011
2 0.000010
6 0.000008
5 0.000009
1 0.000010
3 0.000008
0 0.000009
7 0.000012
4 0.000011
2 0.000011
6 0.000008
5 0.000008
1 0.000010
3 0.000008
0 0.000030
4 0.000012
7 0.000013
6 0.000010
2 0.000011
3 0.000008
5 0.000008
1 0.000010
4 0.000010
3 0.000009
7 0.000012
2 0.000012
5 0.000010
6 0.000009
3 0.000009
4 0.000013
0 0.000024
1 0.000015
2 0.000011
5 0.000009
7 0.000012
6 0.000008
3 0.000008
4 0.000010
6 0.000010
2 0.000018
7 0.000030
5 0.000015
3 0.000009
1 0.000017
4 0.000010
0 0.000024
2 0.000010
6 0.000009
7 0.000012
3 0.000008
5 0.000009
4 0.000011
2 0.000013
0 0.000013
1 0.000024
7 0.000016
3 0.000008
5 0.000008
6 0.000012
4 0.000010
2 0.000013
7 0.000014
5 0.000009
3 0.000047
4 0.000016
6 0.000012
0 0.000024
1 0.000015
7 0.000010
4 0.000011
6 0.000009
7 0.000012
3 0.000015
0 0.000021
1 0.000014
7 0.000010
3 0.000012
7 0.000012
3 0.000017
0 0.000021
1 0.000017
7 0.000011
3 0.000014
7 0.000014
0 0.000021
1 0.000014
3 0.000012
7 0.000011
3 0.000014
0 0.000020
7 0.000010
3 0.000012
7 0.000011
0 0.000009
3 0.000012
7 0.000011
0 0.000009
3 0.000012
7 0.000010
0 0.000009
3 0.000012
7 0.000011
0 0.000009
3 0.000012
7 0.000011
0 0.000010
3 0.000012
7 0.000010
0 0.000009
3 0.000012
7 0.000009
0 0.000008
3 0.000012
7 0.000010
0 0.000010
3 0.000012
7 0.000009
0 0.000010
3 0.000012
7 0.000010
0 0.000010
3 0.000010
7 0.000009
0 0.000010
3 0.000009
7 0.000009
0 0.000010
7 0.000010
3 0.000010
0 0.000010
7 0.000010
3 0.000010
0 0.000011
7 0.000009
3 0.000010
0 0.000010
7 0.000009
3 0.000010
0 0.000011
7 0.000010
3 0.000010
0 0.000009
7 0.000009
3 0.000010
0 0.000010
7 0.000010
3 0.000010
0 0.000009
7 0.000010
3 0.000010
0 0.000009
7 0.000009
3 0.000009
0 0.000009
7 0.000010
3 0.000010
0 0.000010
7 0.000010
0 0.000010
3 0.000010
7 0.000010
0 0.000010
3 0.000010
7 0.000010
0 0.000010
3 0.000009
7 0.000010
0 0.000010
3 0.000009
7 0.000009
0 0.000010
3 0.000009
7 0.000010
0 0.000010
7 0.000010
3 0.000009
0 0.000010
7 0.000010
3 0.000009
0 0.000010
7 0.000010
3 0.000009
0 0.000010
7 0.000009
3 0.000009
0 0.000010
7 0.000010
3 0.000009
0 0.000010
7 0.000009
3 0.000009
0 0.000010
7 0.000009
0 0.000011
3 0.000009
7 0.000009
0 0.000010
7 0.000009
0 0.000011
7 0.000010
0 0.000010
7 0.000009
0 0.000009
7 0.000009
0 0.000009
7 0.000009
0 0.000010
7 0.000009
0 0.000009
7 0.000009
0 0.000010
7 0.000009
0 0.000010
7 0.000009
0 0.000010
7 0.000010
0 0.000010
7 0.000009
0 0.000010
7 0.000010
0 0.000010
7 0.000010
0 0.000010
7 0.000010
0 0.000010
7 0.000010
0 0.000009
7 0.000010
0 0.000009
7 0.000009
0 0.000009
7 0.000010
0 0.000010
7 0.000009
0 0.000009
7 0.000010
0 0.000009
7 0.000009
0 0.000010
7 0.000009
0 0.000010
7 0.000009
0 0.000009
7 0.000009
0 0.000009
7 0.000009
0 0.000010
7 0.000010
0 0.000010
7 0.000010
0 0.000010
7 0.000010
0 0.000010
7 0.000010
0 0.000009
7 0.000010
0 0.000010
7 0.000010
0 0.000010
7 0.000010
0 0.000010
7 0.000010
0 0.000010
7 0.000010
0 0.000010
7 0.000010
0 0.000010
7 0.000010
0 0.000009
7 0.000010
0 0.000010
7 0.000010
0 0.000010
7 0.000010
0 0.000010
7 0.000010
0 0.000009
7 0.000011
0 0.000008
7 0.000011
0 0.000009
0 0.000008
7 0.000010
0 0.000008
7 0.000010
0 0.000008
7 0.000010
0 0.000011
7 0.000010
0 0.000008
7 0.000010
0 0.000008
7 0.000010
0 0.000008
7 0.000011
0 0.000008
0 0.000009
7 0.000010
0 0.000008
7 0.000010
0 0.000008
7 0.000010
0 0.000008
0 0.000008
0 0.000047
4 0.000146
3 0.000144
6 0.000134
1 0.000144
7 0.000141
2 0.000166
5 0.000139
0 0.000011
4 0.000017
3 0.000017
0 0.000012
6 0.000014
1 0.000014
7 0.000011
4 0.000023
3 0.000014
0 0.000011
2 0.000022
5 0.000011
6 0.000013
1 0.000013
7 0.000009
4 0.000013
0 0.000010
2 0.000011
3 0.000014
5 0.000011
6 0.000013
1 0.000013
7 0.000010
0 0.000010
4 0.000013
3 0.000014
5 0.000011
2 0.000011
7 0.000010
6 0.000013
1 0.000013
0 0.000009
4 0.000014
3 0.000014
5 0.000012
7 0.000010
2 0.000011
6 0.000013
1 0.000013
0 0.000009
7 0.000010
4 0.000014
3 0.000014
2 0.000011
5 0.000012
6 0.000013
1 0.000013
0 0.000009
7 0.000009
3 0.000014
2 0.000011
4 0.000014
5 0.000011
0 0.000010
6 0.000013
1 0.000013
7 0.000009
2 0.000011
3 0.000013
4 0.000014
0 0.000010
5 0.000011
6 0.000013
1 0.000013
7 0.000009
2 0.000011
3 0.000013
0 0.000010
4 0.000014
5 0.000011
6 0.000013
1 0.000013
7 0.000010
2 0.000011
0 0.000010
3 0.000013
5 0.000011
7 0.000009
4 0.000013
1 0.000013
6 0.000014
0 0.000010
2 0.000010
3 0.000013
7 0.000010
5 0.000010
1 0.000013
4 0.000014
6 0.000013
0 0.000010
2 0.000011
7 0.000010
3 0.000013
5 0.000010
1 0.000014
4 0.000014
6 0.000013
0 0.000009
7 0.000010
2 0.000011
3 0.000014
5 0.000010
1 0.000014
4 0.000014
0 0.000010
6 0.000013
7 0.000010
2 0.000010
3 0.000013
5 0.000010
0 0.000009
1 0.000014
4 0.000014
6 0.000013
7 0.000009
2 0.000010
3 0.000013
5 0.000011
0 0.000010
1 0.000013
4 0.000013
6 0.000013
7 0.000009
2 0.000011
0 0.000009
3 0.000014
5 0.000011
1 0.000014
7 0.000009
4 0.000014
6 0.000013
2 0.000010
0 0.000009
3 0.000010
5 0.000010
1 0.000011
4 0.000010
7 0.000010
6 0.000010
2 0.000009
0 0.000009
3 0.000010
5 0.000009
1 0.000011
7 0.000009
4 0.000011
6 0.000010
2 0.000009
0 0.000009
3 0.000010
5 0.000009
7 0.000009
1 0.000011
4 0.000010
6 0.000010
2 0.000009
0 0.000009
3 0.000010
5 0.000009
7 0.000009
1 0.000011
4 0.000011
6 0.000010
2 0.000009
0 0.000009
3 0.000010
5 0.000009
7 0.000010
1 0.000011
4 0.000011
6 0.000010
0 0.000009
2 0.000010
3 0.000010
5 0.000009
7 0.000009
1 0.000011
6 0.000011
4 0.000011
0 0.000009
2 0.000010
3 0.000010
7 0.000009
5 0.000009
1 0.000011
0 0.000009
4 0.000011
6 0.000010
2 0.000010
7 0.000010
3 0.000010
5 0.000009
1 0.000010
0 0.000010
4 0.000011
7 0.000010
2 0.000010
3 0.000010
6 0.000010
5 0.000009
1 0.000010
0 0.000009
4 0.000011
7 0.000009
2 0.000009
3 0.000010
6 0.000010
5 0.000009
0 0.000009
1 0.000010
7 0.000010
2 0.000009
4 0.000011
3 0.000010
6 0.000010
5 0.000009
0 0.000010
7 0.000009
1 0.000011
2 0.000009
4 0.000011
3 0.000010
6 0.000010
5 0.000009
0 0.000010
7 0.000009
1 0.000011
2 0.000009
4 0.000011
3 0.000011
5 0.000009
6 0.000010
0 0.000010
7 0.000009
1 0.000010
2 0.000009
4 0.000010
3 0.000010
5 0.000009
0 0.000010
6 0.000017
7 0.000010
1 0.000010
2 0.000009
4 0.000010
3 0.000011
5 0.000009
0 0.000010
6 0.000010
7 0.000010
1 0.000010
2 0.000009
4 0.000011
5 0.000009
0 0.000010
3 0.000011
7 0.000009
6 0.000010
1 0.000010
2 0.000009
4 0.000010
0 0.000010
5 0.000009
3 0.000010
7 0.000009
2 0.000009
1 0.000011
6 0.000011
0 0.000010
5 0.000009
4 0.000010
3 0.000010
7 0.000009
1 0.000010
2 0.000009
6 0.000010
0 0.000009
5 0.000009
4 0.000010
7 0.000009
3 0.000010
2 0.000009
1 0.000010
6 0.000010
0 0.000010
5 0.000009
4 0.000010
7 0.000009
3 0.000009
2 0.000009
1 0.000011
0 0.000009
6 0.000010
5 0.000009
7 0.000009
4 0.000011
3 0.000010
2 0.000009
1 0.000011
0 0.000009
6 0.000010
5 0.000009
7 0.000010
4 0.000011
3 0.000010
2 0.000009
1 0.000010
0 0.000010
6 0.000010
7 0.000010
4 0.000010
5 0.000009
3 0.000010
2 0.000009
0 0.000009
1 0.000010
6 0.000010
7 0.000009
4 0.000011
5 0.000009
3 0.000010
2 0.000009
0 0.000009
1 0.000010
6 0.000010
7 0.000009
4 0.000010
5 0.000010
2 0.000009
0 0.000010
3 0.000010
1 0.000010
7 0.000009
6 0.000010
4 0.000010
0 0.000009
2 0.000010
3 0.000011
5 0.000010
1 0.000011
7 0.000010
6 0.000010
4 0.000010
0 0.000010
2 0.000009
3 0.000010
5 0.000010
7 0.000010
1 0.000011
6 0.000010
4 0.000010
0 0.000009
2 0.000009
3 0.000010
7 0.000009
5 0.000009
1 0.000011
6 0.000011
4 0.000010
0 0.000016
2 0.000011
3 0.000011
5 0.000010
7 0.000017
6 0.000010
4 0.000011
2 0.000010
3 0.000011
5 0.000009
1 0.000011
0 0.000010
7 0.000009
6 0.000010
2 0.000009
4 0.000010
3 0.000010
5 0.000009
0 0.000010
7 0.000010
1 0.000010
6 0.000010
2 0.000009
4 0.000010
5 0.000009
0 0.000010
3 0.000010
7 0.000010
1 0.000010
6 0.000010
2 0.000009
4 0.000010
5 0.000009
0 0.000010
7 0.000010
3 0.000010
1 0.000010
6 0.000010
2 0.000009
4 0.000010
5 0.000010
0 0.000010
7 0.000010
3 0.000010
1 0.000010
2 0.000009
6 0.000010
4 0.000010
0 0.000010
7 0.000010
5 0.000010
3 0.000010
1 0.000010
2 0.000010
6 0.000010
4 0.000010
7 0.000010
0 0.000010
5 0.000009
3 0.000010
1 0.000010
2 0.000009
6 0.000010
4 0.000010
7 0.000010
0 0.000010
5 0.000009
3 0.000010
1 0.000010
2 0.000009
6 0.000010
4 0.000010
7 0.000010
0 0.000010
5 0.000009
3 0.000010
1 0.000010
2 0.000009
6 0.000010
4 0.000010
7 0.000010
0 0.000010
5 0.000009
3 0.000010
1 0.000010
2 0.000009
6 0.000010
4 0.000010
7 0.000010
0 0.000010
5 0.000009
3 0.000010
1 0.000010
2 0.000009
6 0.000010
4 0.000010
0 0.000010
7 0.000010
5 0.000009
3 0.000010
1 0.000010
2 0.000009
6 0.000010
0 0.000010
4 0.000010
7 0.000009
5 0.000009
3 0.000010
1 0.000010
2 0.000009
6 0.000010
4 0.000011
7 0.000010
0 0.000010
5 0.000009
3 0.000010
1 0.000010
2 0.000009
7 0.000011
4 0.000011
0 0.000010
6 0.000010
5 0.000009
3 0.000010
1 0.000010
2 0.000009
7 0.000011
0 0.000010
4 0.000010
6 0.000011
5 0.000009
3 0.000010
1 0.000010
2 0.000009
0 0.000010
7 0.000010
6 0.000010
4 0.000011
5 0.000009
3 0.000010
2 0.000009
1 0.000010
0 0.000010
7 0.000010
6 0.000011
5 0.000009
4 0.000011
3 0.000011
2 0.000009
1 0.000010
0 0.000010
7 0.000010
6 0.000010
5 0.000009
4 0.000011
3 0.000010
2 0.000009
1 0.000010
0 0.000010
7 0.000009
6 0.000010
5 0.000009
2 0.000009
3 0.000011
4 0.000011
1 0.000010
0 0.000010
7 0.000009
6 0.000010
5 0.000010
3 0.000012
4 0.000011
2 0.000010
0 0.000011
1 0.000011
7 0.000009
6 0.000010
5 0.000010
3 0.000011
4 0.000011
2 0.000010
0 0.000010
7 0.000009
1 0.000010
6 0.000010
5 0.000010
4 0.000010
2 0.000009
3 0.000010
7 0.000010
0 0.000010
1 0.000010
6 0.000009
5 0.000010
4 0.000010
2 0.000010
3 0.000011
7 0.000010
0 0.000010
1 0.000010
6 0.000010
5 0.000009
4 0.000010
2 0.000010
7 0.000010
3 0.000010
0 0.000010
1 0.000011
6 0.000010
5 0.000010
4 0.000011
7 0.000010
2 0.000009
3 0.000010
0 0.000009
1 0.000011
6 0.000010
5 0.000010
7 0.000010
4 0.000011
2 0.000009
0 0.000010
3 0.000010
1 0.000010
6 0.000010
5 0.000010
7 0.000010
4 0.000010
0 0.000009
3 0.000011
2 0.000010
1 0.000010
6 0.000010
7 0.000010
5 0.000009
4 0.000018
0 0.000009
3 0.000010
2 0.000009
1 0.000011
6 0.000010
7 0.000009
5 0.000009
4 0.000010
0 0.000009
3 0.000010
2 0.000009
1 0.000010
6 0.000010
7 0.000009
5 0.000009
0 0.000010
4 0.000010
3 0.000010
2 0.000009
1 0.000010
6 0.000010
7 0.000010
5 0.000009
4 0.000010
0 0.000010
3 0.000010
2 0.000009
1 0.000010
7 0.000009
6 0.000010
5 0.000009
4 0.000010
0 0.000010
3 0.000010
2 0.000009
1 0.000010
7 0.000009
6 0.000010
5 0.000010
4 0.000010
0 0.000012
3 0.000010
2 0.000009
7 0.000008
1 0.000010
6 0.000010
5 0.000009
4 0.000010
0 0.000012
3 0.000010
2 0.000009
7 0.000008
6 0.000011
1 0.000010
5 0.000010
4 0.000010
0 0.000011
3 0.000010
2 0.000009
7 0.000008
6 0.000011
1 0.000010
5 0.000009
4 0.000010
0 0.000012
3 0.000010
2 0.000009
7 0.000008
6 0.000011
1 0.000011
5 0.000009
4 0.000010
3 0.000010
7 0.000009
2 0.000009
0 0.000012
6 0.000011
1 0.000011
5 0.000009
4 0.000010
3 0.000010
7 0.000009
2 0.000008
0 0.000011
6 0.000011
1 0.000010
5 0.000010
4 0.000010
3 0.000008
7 0.000008
2 0.000008
0 0.000011
6 0.000011
5 0.000009
1 0.000011
4 0.000008
7 0.000008
3 0.000008
2 0.000008
0 0.000012
6 0.000011
5 0.000009
1 0.000009
4 0.000008
7 0.000008
3 0.000008
2 0.000008
0 0.000013
5 0.000010
6 0.000011
1 0.000009
7 0.000008
4 0.000009
3 0.000008
2 0.000008
5 0.000009
7 0.000009
6 0.000015
1 0.000014
0 0.000018
4 0.000009
3 0.000008
2 0.000008
5 0.000009
7 0.000008
1 0.000009
6 0.000011
4 0.000009
0 0.000012
3 0.000008
2 0.000008
5 0.000009
7 0.000008
1 0.000009
6 0.000011
4 0.000009
0 0.000012
3 0.000008
2 0.000008
7 0.000008
5 0.000009
1 0.000009
6 0.000011
4 0.000009
0 0.000012
3 0.000008
2 0.000009
7 0.000008
5 0.000009
1 0.000009
6 0.000011
4 0.000009
0 0.000012
3 0.000008
2 0.000009
5 0.000012
7 0.000027
1 0.000009
6 0.000011
4 0.000009
0 0.000012
2 0.000009
3 0.000008
1 0.000009
4 0.000008
6 0.000012
7 0.000015
3 0.000008
5 0.000029
2 0.000015
0 0.000029
1 0.000009
4 0.000008
6 0.000011
3 0.000008
0 0.000011
2 0.000009
1 0.000009
5 0.000015
4 0.000008
7 0.000023
6 0.000011
3 0.000008
0 0.000010
2 0.000008
1 0.000009
4 0.000009
6 0.000010
3 0.000008
0 0.000011
2 0.000011
7 0.000017
5 0.000021
1 0.000009
4 0.000009
6 0.000010
0 0.000011
3 0.000008
1 0.000008
4 0.000009
2 0.000044
0 0.000013
6 0.000010
5 0.000015
7 0.000022
1 0.000008
0 0.000011
6 0.000010
2 0.000012
0 0.000011
7 0.000016
5 0.000020
2 0.000011
0 0.000012
2 0.000012
5 0.000018
7 0.000021
0 0.000016
2 0.000010
0 0.000011
2 0.000012
7 0.000012
0 0.000010
2 0.000011
7 0.000010
0 0.000010
2 0.000011
7 0.000010
0 0.000010
2 0.000011
7 0.000010
0 0.000011
2 0.000011
0 0.000011
7 0.000010
2 0.000011
0 0.000011
7 0.000010
2 0.000011
0 0.000011
7 0.000010
2 0.000010
0 0.000010
7 0.000010
2 0.000011
0 0.000010
7 0.000011
2 0.000011
0 0.000010
7 0.000010
2 0.000011
0 0.000010
7 0.000010
2 0.000011
0 0.000010
7 0.000010
2 0.000009
0 0.000010
7 0.000010
2 0.000009
0 0.000016
7 0.000010
2 0.000009
0 0.000011
7 0.000010
2 0.000009
0 0.000010
7 0.000010
2 0.000009
0 0.000010
7 0.000010
2 0.000009
0 0.000010
7 0.000010
2 0.000009
0 0.000010
7 0.000010
2 0.000009
0 0.000010
7 0.000010
2 0.000009
0 0.000010
7 0.000010
2 0.000008
0 0.000010
7 0.000010
2 0.000008
0 0.000010
7 0.000010
2 0.000008
0 0.000010
7 0.000010
2 0.000008
0 0.000011
7 0.000010
2 0.000008
0 0.000010
7 0.000010
2 0.000008
0 0.000010
7 0.000010
2 0.000008
0 0.000011
7 0.000011
2 0.000008
0 0.000010
7 0.000010
2 0.000008
0 0.000010
7 0.000010
2 0.000008
0 0.000010
2 0.000008
7 0.000010
0 0.000010
2 0.000008
7 0.000010
0 0.000010
2 0.000008
7 0.000010
0 0.000010
2 0.000008
7 0.000010
0 0.000010
2 0.000008
7 0.000010
0 0.000010
7 0.000009
0 0.000010
7 0.000009
0 0.000010
7 0.000009
0 0.000010
7 0.000010
0 0.000010
7 0.000009
0 0.000010
7 0.000010
0 0.000010
7 0.000010
0 0.000010
7 0.000010
0 0.000010
7 0.000010
0 0.000010
7 0.000009
0 0.000010
7 0.000010
0 0.000010
7 0.000009
0 0.000010
7 0.000009
0 0.000010
7 0.000010
0 0.000010
7 0.000009
0 0.000010
7 0.000009
0 0.000010
7 0.000009
0 0.000010
7 0.000009
0 0.000010
7 0.000009
0 0.000010
7 0.000010
0 0.000010
7 0.000010
0 0.000010
7 0.000009
0 0.000010
7 0.000009
0 0.000009
7 0.000009
0 0.000010
7 0.000010
0 0.000010
7 0.000010
0 0.000010
7 0.000010
0 0.000010
7 0.000010
0 0.000010
7 0.000010
0 0.000010
7 0.000009
0 0.000010
7 0.000009
0 0.000010
7 0.000009
0 0.000010
7 0.000009
0 0.000010
7 0.000009
0 0.000010
7 0.000010
0 0.000010
7 0.000009
0 0.000010
7 0.000009
0 0.000010
7 0.000010
0 0.000010
7 0.000009
0 0.000009
7 0.000010
0 0.000009
7 0.000010
0 0.000009
7 0.000011
7 0.000010
0 0.000008
7 0.000008
0 0.000008
7 0.000008
0 0.000008
7 0.000008
0 0.000008
7 0.000008
0 0.000008
7 0.000008
0 0.000008
7 0.000008
0 0.000008
7 0.000008
0 0.000009
7 0.000008
0 0.000008
7 0.000008
7 0.000008
0 0.000008
7 0.000008
0 0.000008
7 0.000008
0 0.000008
7 0.000008
7 0.000008
7 0.000008
0 0.000062
1 0.000162
6 0.000163
4 0.000151
3 0.000084
2 0.000204
5 0.000206
7 0.000126
0 0.000010
6 0.000017
1 0.000017
4 0.000015
7 0.000014
0 0.000012
3 0.000014
2 0.000011
5 0.000011
1 0.000013
4 0.000013
7 0.000010
6 0.000014
0 0.000010
3 0.000012
2 0.000011
5 0.000011
1 0.000013
4 0.000013
7 0.000010
0 0.000010
6 0.000013
2 0.000011
5 0.000011
3 0.000013
1 0.000013
7 0.000010
0 0.000009
4 0.000013
6 0.000012
5 0.000011
2 0.000011
3 0.000013
1 0.000013
7 0.000023
0 0.000018
4 0.000013
6 0.000013
5 0.000011
2 0.000010
3 0.000013
1 0.000012
7 0.000010
0 0.000009
4 0.000013
6 0.000013
5 0.000011
2 0.000010
3 0.000013
1 0.000013
7 0.000011
0 0.000010
4 0.000014
6 0.000014
5 0.000011
2 0.000011
3 0.000013
7 0.000010
1 0.000013
0 0.000009
4 0.000014
6 0.000014
5 0.000010
2 0.000010
3 0.000013
7 0.000010
0 0.000009
1 0.000012
4 0.000013
6 0.000014
5 0.000011
2 0.000010
7 0.000010
3 0.000013
0 0.000010
1 0.000012
4 0.000013
6 0.000014
5 0.000011
2 0.000011
7 0.000010
0 0.000009
3 0.000013
1 0.000012
4 0.000013
6 0.000014
5 0.000011
2 0.000011
7 0.000010
0 0.000010
3 0.000013
1 0.000012
4 0.000013
5 0.000012
2 0.000012
0 0.000011
7 0.000011
6 0.000014
1 0.000013
3 0.000014
4 0.000012
0 0.000011
2 0.000011
7 0.000010
5 0.000011
6 0.000013
1 0.000014
3 0.000013
4 0.000012
0 0.000011
7 0.000010
2 0.000011
5 0.000011
6 0.000013
1 0.000014
3 0.000014
0 0.000010
4 0.000013
7 0.000010
2 0.000011
5 0.000010
6 0.000013
1 0.000013
3 0.000013
0 0.000010
4 0.000013
2 0.000011
7 0.000010
5 0.000011
6 0.000013
1 0.000010
0 0.000009
3 0.000013
4 0.000010
7 0.000009
5 0.000009
2 0.000010
6 0.000010
1 0.000010
0 0.000009
3 0.000010
4 0.000010
7 0.000009
5 0.000009
2 0.000009
6 0.000010
0 0.000009
1 0.000010
3 0.000010
4 0.000010
7 0.000010
5 0.000016
2 0.000009
6 0.000010
0 0.000009
1 0.000010
3 0.000011
7 0.000009
2 0.000009
4 0.000011
6 0.000011
0 0.000010
5 0.000010
1 0.000010
3 0.000010
7 0.000010
2 0.000009
0 0.000010
4 0.000011
5 0.000009
6 0.000011
1 0.000010
3 0.000010
7 0.000009
2 0.000009
0 0.000010
5 0.000009
6 0.000011
4 0.000010
1 0.000011
3 0.000010
7 0.000009
2 0.000009
0 0.000009
5 0.000009
6 0.000011
4 0.000011
1 0.000011
3 0.000010
7 0.000010
2 0.000009
0 0.000010
5 0.000008
6 0.000011
4 0.000011
1 0.000011
7 0.000010
3 0.000010
2 0.000009
0 0.000009
5 0.000009
6 0.000011
4 0.000011
1 0.000011
7 0.000011
3 0.000010
2 0.000009
0 0.000010
5 0.000009
6 0.000011
4 0.000011
1 0.000011
7 0.000010
0 0.000009
3 0.000010
2 0.000009
5 0.000009
6 0.000011
4 0.000010
7 0.000010
1 0.000010
0 0.000010
3 0.000010
2 0.000009
5 0.000009
7 0.000010
6 0.000011
1 0.000011
0 0.000010
4 0.000010
3 0.000010
2 0.000009
5 0.000009
7 0.000009
0 0.000009
6 0.000011
1 0.000011
4 0.000011
3 0.000010
2 0.000010
5 0.000009
7 0.000009
0 0.000010
6 0.000011
1 0.000011
4 0.000011
3 0.000010
2 0.000010
5 0.000009
7 0.000010
0 0.000009
6 0.000011
1 0.000011
4 0.000011
3 0.000010
2 0.000010
5 0.000009
7 0.000010
0 0.000009
6 0.000011
1 0.000010
4 0.000010
3 0.000010
2 0.000010
5 0.000010
7 0.000010
0 0.000009
6 0.000011
1 0.000017
4 0.000017
2 0.000010
5 0.000010
3 0.000010
7 0.000010
0 0.000010
6 0.000010
1 0.000011
4 0.000011
5 0.000010
3 0.000010
2 0.000010
7 0.000011
0 0.000010
6 0.000010
1 0.000010
5 0.000010
4 0.000010
3 0.000010
2 0.000009
7 0.000010
0 0.000009
6 0.000010
1 0.000010
5 0.000010
4 0.000011
3 0.000010
2 0.000009
7 0.000010
0 0.000009
6 0.000010
1 0.000010
5 0.000009
4 0.000010
3 0.000011
7 0.000011
0 0.000010
2 0.000009
6 0.000010
1 0.000010
5 0.000009
4 0.000010
3 0.000010
7 0.000010
0 0.000010
2 0.000009
6 0.000010
1 0.000010
5 0.000008
4 0.000010
3 0.000010
7 0.000011
0 0.000010
2 0.000009
6 0.000010
1 0.000010
5 0.000009
4 0.000010
7 0.000010
0 0.000011
3 0.000010
2 0.000009
6 0.000010
1 0.000010
5 0.000009
4 0.000010
7 0.000010
0 0.000010
3 0.000010
2 0.000009
6 0.000011
1 0.000010
5 0.000009
4 0.000011
7 0.000010
0 0.000010
3 0.000010
2 0.000009
6 0.000010
1 0.000010
5 0.000009
7 0.000010
4 0.000011
0 0.000010
3 0.000010
2 0.000009
6 0.000010
1 0.000010
5 0.000009
7 0.000010
0 0.000010
4 0.000010
2 0.000009
3 0.000010
6 0.000011
1 0.000010
5 0.000009
7 0.000010
0 0.000010
4 0.000010
2 0.000009
3 0.000010
6 0.000011
1 0.000010
5 0.000009
7 0.000010
0 0.000010
4 0.000010
2 0.000009
3 0.000010
6 0.000010
5 0.000009
1 0.000010
7 0.000010
0 0.000009
4 0.000010
2 0.000009
3 0.000010
6 0.000010
5 0.000016
7 0.000010
1 0.000010
0 0.000009
4 0.000010
2 0.000009
3 0.000010
6 0.000010
5 0.000010
7 0.000010
1 0.000010
0 0.000009
4 0.000010
2 0.000009
3 0.000010
6 0.000010
5 0.000009
7 0.000010
1 0.000010
0 0.000010
4 0.000010
2 0.000009
3 0.000010
6 0.000010
5 0.000009
7 0.000010
1 0.000011
0 0.000010
4 0.000010
2 0.000009
3 0.000010
6 0.000010
5 0.000010
7 0.000010
0 0.000009
1 0.000010
4 0.000010
2 0.000009
3 0.000010
6 0.000010
7 0.000010
5 0.000009
1 0.000010
0 0.000009
2 0.000009
4 0.000010
3 0.000010
6 0.000010
7 0.000009
5 0.000009
1 0.000010
0 0.000010
2 0.000009
4 0.000010
3 0.000010
7 0.000009
6 0.000010
5 0.000010
0 0.000010
1 0.000010
2 0.000009
4 0.000010
3 0.000010
7 0.000009
6 0.000010
0 0.000010
5 0.000010
1 0.000010
4 0.000011
2 0.000009
3 0.000010
7 0.000010
6 0.000010
0 0.000010
5 0.000009
1 0.000010
4 0.000011
2 0.000009
7 0.000010
3 0.000010
6 0.000010
0 0.000009
5 0.000009
1 0.000011
4 0.000011
7 0.000010
2 0.000009
6 0.000011
0 0.000010
3 0.000010
5 0.000009
1 0.000010
4 0.000010
7 0.000009
2 0.000009
6 0.000010
3 0.000010
0 0.000010
5 0.000009
1 0.000010
7 0.000009
2 0.000009
4 0.000010
6 0.000011
3 0.000010
0 0.000011
5 0.000009
1 0.000010
7 0.000010
2 0.000009
4 0.000011
6 0.000011
0 0.000010
3 0.000011
5 0.000009
1 0.000010
7 0.000009
2 0.000009
4 0.000010
0 0.000019
6 0.000011
3 0.000010
5 0.000009
1 0.000010
7 0.000010
2 0.000009
4 0.000010
0 0.000009
6 0.000010
3 0.000010
5 0.000009
1 0.000010
7 0.000010
2 0.000009
4 0.000011
0 0.000010
6 0.000010
5 0.000009
3 0.000010
1 0.000010
7 0.000010
2 0.000009
4 0.000010
0 0.000010
6 0.000010
5 0.000009
3 0.000011
1 0.000010
7 0.000010
2 0.000009
0 0.000010
4 0.000010
6 0.000010
5 0.000009
3 0.000010
7 0.000009
1 0.000010
2 0.000009
0 0.000009
4 0.000010
5 0.000009
3 0.000010
6 0.000010
7 0.000010
1 0.000010
2 0.000009
0 0.000009
4 0.000010
5 0.000009
3 0.000010
6 0.000011
7 0.000010
1 0.000010
0 0.000010
2 0.000009
4 0.000010
5 0.000009
3 0.000011
7 0.000010
6 0.000010
0 0.000010
1 0.000010
2 0.000009
4 0.000010
5 0.000009
3 0.000010
7 0.000010
6 0.000010
0 0.000010
1 0.000010
2 0.000009
4 0.000010
5 0.000009
3 0.000010
7 0.000009
6 0.000010
0 0.000010
2 0.000009
1 0.000010
4 0.000010
5 0.000009
7 0.000010
3 0.000010
0 0.000009
6 0.000010
2 0.000009
1 0.000010
5 0.000009
7 0.000010
3 0.000010
4 0.000010
0 0.000009
6 0.000009
2 0.000009
1 0.000010
7 0.000010
5 0.000009
3 0.000011
0 0.000009
4 0.000010
6 0.000010
2 0.000009
1 0.000010
7 0.000010
5 0.000009
0 0.000010
4 0.000011
3 0.000010
6 0.000010
2 0.000009
7 0.000009
5 0.000009
1 0.000010
0 0.000010
4 0.000011
3 0.000010
6 0.000010
2 0.000009
7 0.000010
5 0.000016
1 0.000017
0 0.000010
4 0.000011
6 0.000010
2 0.000009
3 0.000011
7 0.000009
5 0.000009
0 0.000012
1 0.000010
4 0.000010
2 0.000009
6 0.000010
3 0.000010
7 0.000009
5 0.000009
1 0.000010
0 0.000011
4 0.000010
2 0.000009
6 0.000010
3 0.000010
7 0.000009
5 0.000009
1 0.000010
0 0.000011
4 0.000011
2 0.000009
6 0.000010
7 0.000009
3 0.000010
5 0.000009
1 0.000010
0 0.000011
4 0.000011
2 0.000009
7 0.000010
6 0.000010
3 0.000010
5 0.000009
1 0.000010
4 0.000011
2 0.000010
7 0.000010
0 0.000013
6 0.000010
3 0.000010
5 0.000008
1 0.000010
2 0.000010
7 0.000010
4 0.000011
6 0.000010
3 0.000011
0 0.000011
5 0.000008
1 0.000010
7 0.000010
2 0.000010
4 0.000011
6 0.000010
5 0.000008
3 0.000010
0 0.000011
1 0.000009
7 0.000010
4 0.000009
2 0.000011
5 0.000008
6 0.000010
3 0.000008
0 0.000011
1 0.000009
7 0.000010
4 0.000008
5 0.000009
2 0.000010
6 0.000010
3 0.000008
0 0.000012
1 0.000010
7 0.000010
5 0.000008
2 0.000010
4 0.000008
3 0.000008
6 0.000010
7 0.000010
1 0.000010
0 0.000012
5 0.000008
2 0.000010
3 0.000009
4 0.000009
6 0.000010
7 0.000010
1 0.000010
0 0.000012
5 0.000008
3 0.000009
2 0.000009
4 0.000008
6 0.000009
7 0.000009
5 0.000008
0 0.000012
1 0.000010
3 0.000008
2 0.000009
4 0.000008
7 0.000010
5 0.000008
6 0.000010
3 0.000008
0 0.000012
1 0.000010
2 0.000009
4 0.000016
5 0.000008
7 0.000009
3 0.000008
6 0.000010
0 0.000012
1 0.000010
2 0.000010
4 0.000009
5 0.000008
7 0.000009
3 0.000008
6 0.000011
0 0.000011
1 0.000010
2 0.000010
5 0.000008
4 0.000009
3 0.000008
7 0.000009
6 0.000010
1 0.000010
0 0.000021
5 0.000009
2 0.000010
3 0.000009
4 0.000009
7 0.000010
6 0.000010
1 0.000009
0 0.000011
5 0.000008
3 0.000008
7 0.000009
2 0.000010
4 0.000008
6 0.000010
0 0.000011
1 0.000010
3 0.000008
7 0.000013
5 0.000032
2 0.000010
4 0.000008
6 0.000010
0 0.000010
1 0.000009
3 0.000008
7 0.000010
2 0.000010
4 0.000008
0 0.000011
6 0.000010
3 0.000008
5 0.000011
1 0.000009
7 0.000010
4 0.000008
0 0.000010
6 0.000011
5 0.000011
7 0.000010
4 0.000008
0 0.000010
5 0.000011
7 0.000010
0 0.000010
5 0.000011
7 0.000010
0 0.000010
7 0.000010
5 0.000011
0 0.000010
7 0.000009
5 0.000010
0 0.000010
7 0.000009
5 0.000010
0 0.000010
7 0.000009
5 0.000010
0 0.000010
7 0.000009
5 0.000010
0 0.000014
7 0.000009
5 0.000010
0 0.000010
7 0.000010
5 0.000010
0 0.000010
7 0.000009
5 0.000010
0 0.000011
7 0.000009
0 0.000010
5 0.000011
7 0.000009
0 0.000010
5 0.000010
7 0.000009
0 0.000009
5 0.000010
7 0.000009
0 0.000010
5 0.000010
7 0.000009
0 0.000010
5 0.000009
7 0.000010
0 0.000009
5 0.000009
7 0.000009
0 0.000009
5 0.000009
7 0.000009
0 0.000009
5 0.000009
7 0.000010
0 0.000009
7 0.000009
5 0.000009
0 0.000009
7 0.000010
5 0.000009
0 0.000009
7 0.000010
5 0.000009
0 0.000009
7 0.000009
5 0.000009
0 0.000009
7 0.000009
5 0.000009
0 0.000009
7 0.000009
5 0.000008
0 0.000009
7 0.000010
5 0.000008
0 0.000009
7 0.000009
5 0.000008
0 0.000009
7 0.000009
5 0.000008
0 0.000009
7 0.000009
5 0.000008
0 0.000009
7 0.000009
5 0.000008
0 0.000009
7 0.000009
5 0.000008
0 0.000009
7 0.000009
5 0.000008
0 0.000010
7 0.000010
5 0.000008
0 0.000009
7 0.000009
5 0.000008
0 0.000009
7 0.000009
5 0.000008
0 0.000010
7 0.000009
5 0.000008
0 0.000009
7 0.000009
5 0.000008
0 0.000009
7 0.000009
5 0.000008
0 0.000010
7 0.000009
5 0.000008
0 0.000009
7 0.000010
0 0.000009
7 0.000009
0 0.000009
7 0.000009
0 0.000010
7 0.000009
0 0.000009
7 0.000010
0 0.000010
7 0.000009
0 0.000009
7 0.000009
0 0.000009
7 0.000010
0 0.000009
7 0.000010
0 0.000009
7 0.000010
0 0.000009
7 0.000009
0 0.000009
7 0.000009
0 0.000009
7 0.000009
0 0.000010
7 0.000009
0 0.000010
7 0.000009
0 0.000009
7 0.000009
0 0.000010
7 0.000009
0 0.000009
7 0.000009
0 0.000010
7 0.000009
0 0.000009
7 0.000009
0 0.000010
7 0.000009
0 0.000009
7 0.000010
0 0.000010
7 0.000010
0 0.000010
7 0.000009
0 0.000009
7 0.000009
0 0.000009
7 0.000009
0 0.000009
7 0.000009
0 0.000009
7 0.000008
0 0.000009
7 0.000009
0 0.000009
7 0.000009
0 0.000009
7 0.000009
0 0.000009
7 0.000009
0 0.000009
7 0.000009
0 0.000010
7 0.000009
0 0.000010
7 0.000009
0 0.000010
7 0.000009
0 0.000010
7 0.000009
0 0.000011
7 0.000009
0 0.000010
7 0.000009
0 0.000010
7 0.000008
0 0.000009
7 0.000008
0 0.000009
7 0.000008
7 0.000008
0 0.000009
7 0.000008
0 0.000008
7 0.000008
0 0.000008
7 0.000008
0 0.000008
7 0.000008
0 0.000008
7 0.000008
0 0.000008
7 0.000008
0 0.000008
7 0.000008
0 0.000009
7 0.000008
0 0.000009
7 0.000009
7 0.000008
0 0.000008
7 0.000008
0 0.000008
0 0.000008
0 0.000008
