0 0.000052
7 0.000021
0 0.000012
1 0.000174
0 0.000012
5 0.000172
4 0.000191
3 0.000190
2 0.000188
6 0.000207
7 0.000012
0 0.000012
1 0.000017
4 0.000018
5 0.000017
3 0.000019
2 0.000033
6 0.000025
0 0.000012
7 0.000011
1 0.000034
5 0.000033
4 0.000028
3 0.000041
2 0.000025
0 0.000012
6 0.000015
7 0.000018
5 0.000026
1 0.000028
4 0.000023
3 0.000029
2 0.000040
0 0.000013
7 0.000013
6 0.000040
5 0.000037
1 0.000040
4 0.000042
3 0.000041
0 0.000013
7 0.000013
6 0.000024
2 0.000043
5 0.000018
1 0.000015
4 0.000018
3 0.000017
0 0.000011
7 0.000012
6 0.000041
2 0.000040
5 0.000034
1 0.000024
7 0.000012
0 0.000012
3 0.000024
4 0.000025
6 0.000033
2 0.000040
1 0.000029
5 0.000041
0 0.000012
7 0.000017
3 0.000026
4 0.000025
6 0.000016
2 0.000016
1 0.000015
0 0.000012
5 0.000017
7 0.000020
3 0.000017
4 0.000017
6 0.000016
2 0.000016
0 0.000012
1 0.000015
7 0.000013
5 0.000016
3 0.000025
4 0.000033
6 0.000034
2 0.000025
7 0.000012
1 0.000025
0 0.000012
5 0.000033
3 0.000042
4 0.000037
6 0.000033
7 0.000012
0 0.000012
2 0.000016
1 0.000023
5 0.000041
6 0.000026
3 0.000027
4 0.000026
0 0.000011
7 0.000012
2 0.000040
1 0.000041
5 0.000042
6 0.000026
3 0.000019
4 0.000015
0 0.000012
7 0.000013
2 0.000017
5 0.000017
6 0.000017
3 0.000016
1 0.000016
7 0.000012
0 0.000013
4 0.000041
2 0.000032
5 0.000025
7 0.000011
3 0.000030
0 0.000012
1 0.000026
6 0.000031
4 0.000048
2 0.000057
5 0.000049
0 0.000012
7 0.000018
3 0.000040
1 0.000023
6 0.000018
4 0.000024
2 0.000029
5 0.000027
0 0.000013
7 0.000013
3 0.000031
1 0.000028
6 0.000024
4 0.000025
5 0.000024
0 0.000014
7 0.000013
2 0.000021
3 0.000016
1 0.000021
6 0.000017
4 0.000017
5 0.000016
0 0.000013
2 0.000025
7 0.000013
3 0.000031
1 0.000027
4 0.000025
0 0.000013
7 0.000013
6 0.000030
2 0.000032
5 0.000023
3 0.000030
1 0.000017
4 0.000025
0 0.000013
7 0.000013
2 0.000030
5 0.000029
6 0.000031
1 0.000024
3 0.000032
0 0.000012
7 0.000011
4 0.000047
5 0.000031
2 0.000024
6 0.000023
3 0.000021
1 0.000023
0 0.000013
4 0.000015
7 0.000012
2 0.000034
5 0.000038
3 0.000018
1 0.000027
6 0.000036
0 0.000013
7 0.000012
4 0.000045
2 0.000040
5 0.000040
1 0.000040
3 0.000033
6 0.000033
0 0.000012
7 0.000012
4 0.000029
2 0.000025
5 0.000025
1 0.000028
3 0.000027
7 0.000011
0 0.000013
6 0.000026
4 0.000022
2 0.000016
5 0.000016
1 0.000023
3 0.000023
0 0.000012
7 0.000012
6 0.000048
4 0.000035
2 0.000024
5 0.000025
0 0.000012
7 0.000012
1 0.000038
6 0.000024
4 0.000031
3 0.000043
2 0.000022
7 0.000013
5 0.000025
0 0.000013
4 0.000017
1 0.000024
3 0.000018
6 0.000020
7 0.000011
0 0.000012
2 0.000047
5 0.000053
4 0.000017
1 0.000018
6 0.000018
3 0.000018
7 0.000012
0 0.000011
2 0.000018
5 0.000018
1 0.000017
6 0.000017
3 0.000018
7 0.000012
4 0.000017
0 0.000012
2 0.000049
5 0.000049
6 0.000017
3 0.000016
7 0.000011
1 0.000017
0 0.000012
4 0.000024
2 0.000040
5 0.000040
7 0.000012
6 0.000016
0 0.000012
3 0.000016
1 0.000033
4 0.000033
7 0.000011
2 0.000033
5 0.000033
6 0.000015
0 0.000012
3 0.000017
4 0.000018
7 0.000013
1 0.000017
0 0.000012
2 0.000043
5 0.000049
7 0.000012
4 0.000027
6 0.000062
3 0.000026
1 0.000034
2 0.000019
5 0.000017
7 0.000012
0 0.000012
4 0.000034
3 0.000032
6 0.000034
7 0.000012
1 0.000024
0 0.000012
5 0.000026
2 0.000025
4 0.000025
3 0.000025
6 0.000025
7 0.000012
1 0.000022
5 0.000016
0 0.000012
2 0.000040
6 0.000017
3 0.000025
7 0.000011
4 0.000026
0 0.000012
5 0.000055
2 0.000043
1 0.000055
7 0.000011
6 0.000046
3 0.000047
4 0.000039
2 0.000022
0 0.000012
5 0.000018
7 0.000015
1 0.000024
6 0.000025
4 0.000018
3 0.000019
0 0.000012
7 0.000020
5 0.000036
2 0.000040
1 0.000023
6 0.000031
4 0.000029
3 0.000017
7 0.000013
0 0.000013
5 0.000032
2 0.000024
1 0.000017
6 0.000017
7 0.000012
3 0.000021
0 0.000013
4 0.000022
5 0.000032
2 0.000031
1 0.000025
6 0.000025
7 0.000011
0 0.000012
3 0.000017
4 0.000017
5 0.000017
2 0.000017
1 0.000017
6 0.000016
7 0.000012
0 0.000012
3 0.000025
4 0.000026
5 0.000030
1 0.000025
6 0.000017
7 0.000011
2 0.000027
0 0.000012
3 0.000024
4 0.000022
5 0.000030
6 0.000028
1 0.000029
0 0.000012
2 0.000032
7 0.000013
3 0.000031
4 0.000031
5 0.000016
0 0.000011
6 0.000016
7 0.000018
1 0.000015
2 0.000015
3 0.000018
4 0.000018
5 0.000016
7 0.000020
0 0.000013
6 0.000036
1 0.000025
2 0.000017
3 0.000017
4 0.000017
5 0.000016
7 0.000014
0 0.000013
6 0.000027
1 0.000028
2 0.000024
3 0.000026
4 0.000032
5 0.000024
0 0.000012
7 0.000011
1 0.000044
2 0.000030
6 0.000046
3 0.000023
4 0.000033
0 0.000012
5 0.000018
7 0.000014
2 0.000032
1 0.000028
6 0.000025
3 0.000024
0 0.000012
7 0.000011
4 0.000050
5 0.000034
2 0.000030
1 0.000015
0 0.000012
7 0.000012
6 0.000049
4 0.000040
3 0.000049
2 0.000021
5 0.000029
0 0.000011
1 0.000015
7 0.000013
2 0.000016
6 0.000025
4 0.000025
3 0.000018
0 0.000011
5 0.000032
7 0.000017
1 0.000023
2 0.000015
6 0.000023
4 0.000024
0 0.000012
7 0.000012
3 0.000024
1 0.000041
5 0.000024
2 0.000020
6 0.000016
7 0.000013
4 0.000017
0 0.000012
3 0.000017
1 0.000015
5 0.000024
2 0.000024
7 0.000013
0 0.000012
6 0.000038
4 0.000040
3 0.000032
1 0.000018
7 0.000012
2 0.000016
5 0.000017
0 0.000013
6 0.000031
4 0.000032
3 0.000032
1 0.000025
7 0.000012
2 0.000032
0 0.000012
5 0.000031
6 0.000032
3 0.000027
7 0.000026
1 0.000032
4 0.000035
0 0.000012
2 0.000042
5 0.000031
6 0.000023
7 0.000012
3 0.000025
4 0.000024
0 0.000012
1 0.000024
7 0.000017
2 0.000031
6 0.000047
5 0.000051
0 0.000012
3 0.000027
4 0.000028
7 0.000012
1 0.000024
2 0.000016
5 0.000017
0 0.000011
6 0.000016
7 0.000012
3 0.000043
4 0.000042
1 0.000046
2 0.000022
5 0.000022
0 0.000012
7 0.000017
6 0.000036
3 0.000023
4 0.000023
1 0.000020
2 0.000015
0 0.000013
5 0.000017
7 0.000013
6 0.000040
4 0.000041
1 0.000041
2 0.000023
3 0.000044
0 0.000012
7 0.000012
5 0.000050
6 0.000024
2 0.000018
4 0.000020
1 0.000023
0 0.000013
7 0.000013
5 0.000016
3 0.000025
6 0.000038
2 0.000018
4 0.000025
1 0.000025
0 0.000012
7 0.000019
5 0.000030
3 0.000023
6 0.000037
2 0.000028
4 0.000018
1 0.000024
7 0.000014
5 0.000017
0 0.000012
3 0.000016
2 0.000025
6 0.000025
4 0.000026
7 0.000011
0 0.000012
1 0.000042
5 0.000039
3 0.000024
2 0.000024
4 0.000021
7 0.000019
0 0.000019
6 0.000023
1 0.000047
5 0.000038
3 0.000040
2 0.000035
7 0.000012
0 0.000012
4 0.000046
6 0.000043
5 0.000023
1 0.000024
7 0.000012
3 0.000032
2 0.000026
0 0.000012
4 0.000039
6 0.000034
5 0.000033
7 0.000012
1 0.000033
3 0.000033
2 0.000024
0 0.000012
4 0.000032
7 0.000012
5 0.000015
6 0.000017
1 0.000033
0 0.000011
2 0.000046
3 0.000041
4 0.000032
7 0.000012
5 0.000019
6 0.000017
0 0.000011
1 0.000016
2 0.000023
7 0.000015
4 0.000033
3 0.000042
5 0.000024
6 0.000042
0 0.000012
1 0.000035
2 0.000017
7 0.000035
4 0.000018
3 0.000017
0 0.000012
6 0.000024
5 0.000020
1 0.000029
2 0.000025
7 0.000022
0 0.000012
4 0.000021
6 0.000016
3 0.000020
5 0.000023
1 0.000044
0 0.000013
2 0.000033
7 0.000045
4 0.000031
6 0.000021
0 0.000011
5 0.000031
3 0.000033
1 0.000024
2 0.000018
7 0.000030
4 0.000020
6 0.000020
0 0.000012
3 0.000041
5 0.000039
1 0.000039
7 0.000029
2 0.000026
0 0.000012
6 0.000023
4 0.000024
5 0.000028
3 0.000031
1 0.000025
0 0.000012
7 0.000044
4 0.000017
2 0.000029
6 0.000016
0 0.000012
5 0.000056
3 0.000056
1 0.000052
7 0.000034
4 0.000015
0 0.000012
2 0.000016
6 0.000024
5 0.000030
3 0.000032
1 0.000033
0 0.000012
7 0.000030
4 0.000023
2 0.000022
6 0.000024
0 0.000012
5 0.000019
3 0.000025
1 0.000034
7 0.000055
4 0.000039
2 0.000033
0 0.000012
6 0.000027
5 0.000023
3 0.000027
1 0.000024
7 0.000026
2 0.000017
0 0.000013
6 0.000016
4 0.000017
5 0.000048
3 0.000040
1 0.000041
0 0.000012
7 0.000038
2 0.000022
6 0.000031
4 0.000038
0 0.000014
5 0.000038
1 0.000027
3 0.000030
7 0.000027
2 0.000024
0 0.000012
6 0.000019
4 0.000020
1 0.000097
5 0.000110
3 0.000107
7 0.000151
2 0.000155
4 0.000047
6 0.000090
5 0.000020
1 0.000018
2 0.000021
7 0.000020
3 0.000018
4 0.000033
6 0.000037
5 0.000035
0 0.000106
2 0.000020
1 0.000018
7 0.000044
3 0.000073
4 0.000110
6 0.000134
5 0.000147
0 0.000142
1 0.000150
2 0.000156
3 0.000031
4 0.000018
7 0.000010
6 0.000019
5 0.000019
1 0.000033
0 0.000033
3 0.000035
2 0.000033
4 0.000034
7 0.000011
5 0.000025
6 0.000032
0 0.000025
1 0.000033
3 0.000036
2 0.000045
7 0.000014
4 0.000045
5 0.000025
6 0.000033
0 0.000025
3 0.000030
2 0.000026
1 0.000030
7 0.000013
4 0.000027
5 0.000033
6 0.000021
0 0.000019
3 0.000034
2 0.000030
7 0.000011
4 0.000024
1 0.000029
5 0.000046
6 0.000055
0 0.000047
3 0.000038
2 0.000035
7 0.000012
4 0.000018
5 0.000027
1 0.000027
0 0.000020
6 0.000026
3 0.000025
2 0.000027
7 0.000012
4 0.000034
5 0.000026
1 0.000020
0 0.000019
6 0.000037
2 0.000022
3 0.000024
7 0.000012
4 0.000037
5 0.000031
1 0.000030
0 0.000031
6 0.000032
7 0.000012
3 0.000035
2 0.000042
4 0.000038
1 0.000026
5 0.000035
0 0.000019
7 0.000012
6 0.000026
3 0.000027
2 0.000036
0 0.000032
4 0.000043
7 0.000013
1 0.000041
6 0.000027
5 0.000040
2 0.000021
3 0.000028
7 0.000012
0 0.000028
4 0.000027
6 0.000044
5 0.000028
2 0.000027
1 0.000036
7 0.000012
3 0.000020
0 0.000109
4 0.000124
7 0.000012
5 0.000120
1 0.000094
3 0.000061
6 0.000110
4 0.000019
0 0.000011
7 0.000012
1 0.000027
3 0.000024
6 0.000022
2 0.000072
7 0.000012
0 0.000020
1 0.000019
3 0.000019
6 0.000018
2 0.000014
7 0.000016
0 0.000017
2 0.000014
7 0.000445
0 0.000456
2 0.000014
7 0.000012
0 0.000012
2 0.000014
7 0.000012
0 0.000012
2 0.000015
7 0.000011
0 0.000012
2 0.000014
7 0.000012
0 0.000012
2 0.000014
7 0.000012
0 0.000012
2 0.000014
7 0.000012
0 0.000012
2 0.000014
7 0.000012
0 0.000012
2 0.000014
7 0.000012
0 0.000012
2 0.000014
7 0.000012
0 0.000012
2 0.000014
7 0.000012
0 0.000012
2 0.000019
7 0.000012
0 0.000012
2 0.000014
7 0.000012
0 0.000012
2 0.000015
7 0.000012
0 0.000012
2 0.000014
7 0.000012
0 0.000012
2 0.000014
7 0.000011
0 0.000012
2 0.000014
7 0.000012
0 0.000012
2 0.000014
7 0.000012
0 0.000012
2 0.000015
7 0.000012
0 0.000012
2 0.000014
7 0.000012
0 0.000012
2 0.000014
7 0.000012
0 0.000012
2 0.000015
7 0.000012
0 0.000013
2 0.000014
7 0.000012
0 0.000012
2 0.000014
7 0.000012
0 0.000012
2 0.000017
7 0.000012
0 0.000012
2 0.000017
7 0.000012
0 0.000012
2 0.000020
7 0.000012
0 0.000013
7 0.000012
2 0.000018
0 0.000012
7 0.000011
2 0.000018
0 0.000013
7 0.000012
0 0.000013
2 0.000018
7 0.000012
0 0.000012
2 0.000018
7 0.000011
0 0.000012
2 0.000018
7 0.000012
0 0.000012
2 0.000018
7 0.000012
0 0.000012
2 0.000017
7 0.000012
0 0.000012
2 0.000017
7 0.000012
0 0.000012
2 0.000018
7 0.000012
0 0.000012
7 0.000012
2 0.000018
0 0.000012
7 0.000012
2 0.000018
0 0.000012
7 0.000011
0 0.000012
2 0.000018
7 0.000011
0 0.000011
7 0.000011
0 0.000011
7 0.000012
0 0.000012
7 0.000011
0 0.000011
7 0.000011
0 0.000012
7 0.000011
0 0.000011
7 0.000011
0 0.000011
7 0.000011
0 0.000011
7 0.000012
0 0.000011
7 0.000012
0 0.000011
7 0.000012
0 0.000011
7 0.000011
0 0.000011
7 0.000012
0 0.000011
7 0.000012
0 0.000012
7 0.000011
0 0.000011
7 0.000012
0 0.000011
7 0.000012
0 0.000011
7 0.000012
0 0.000011
7 0.000012
0 0.000016
7 0.000012
0 0.000011
7 0.000012
0 0.000012
7 0.000012
0 0.000011
7 0.000012
0 0.000011
7 0.000012
0 0.000012
7 0.000012
0 0.000011
7 0.000012
0 0.000011
7 0.000012
0 0.000011
7 0.000012
0 0.000011
7 0.000018
0 0.000012
7 0.000018
0 0.000012
7 0.000018
0 0.000012
0 0.000012
7 0.000019
0 0.000011
7 0.000019
0 0.000011
7 0.000018
0 0.000011
7 0.000018
0 0.000012
7 0.000018
0 0.000011
7 0.000018
0 0.000011
7 0.000018
0 0.000011
7 0.000018
0 0.000012
7 0.000018
0 0.000012
7 0.000019
0 0.000012
0 0.000012
7 0.000019
7 0.000018
0 0.000032
5 0.000341
4 0.000181
6 0.000145
0 0.000012
7 0.000012
2 0.000269
3 0.000187
1 0.000269
5 0.000017
0 0.000012
6 0.000015
7 0.000012
4 0.000016
2 0.000033
3 0.000032
1 0.000036
5 0.000016
7 0.000012
6 0.000017
2 0.000023
0 0.000012
4 0.000035
3 0.000032
7 0.000012
5 0.000016
1 0.000030
2 0.000033
6 0.000025
0 0.000011
4 0.000017
3 0.000017
7 0.000012
5 0.000031
1 0.000024
0 0.000012
6 0.000015
2 0.000015
7 0.000012
3 0.000017
4 0.000016
0 0.000012
5 0.000048
1 0.000020
7 0.000012
6 0.000015
2 0.000023
3 0.000023
4 0.000021
5 0.000025
7 0.000011
0 0.000011
6 0.000037
2 0.000024
1 0.000043
7 0.000012
5 0.000039
3 0.000032
0 0.000011
2 0.000016
6 0.000016
4 0.000027
7 0.000015
1 0.000033
5 0.000027
2 0.000023
0 0.000012
3 0.000054
6 0.000016
7 0.000011
5 0.000015
4 0.000016
1 0.000016
0 0.000012
2 0.000024
7 0.000011
3 0.000039
6 0.000030
5 0.000031
1 0.000028
4 0.000041
7 0.000012
2 0.000027
0 0.000015
3 0.000037
7 0.000012
6 0.000048
5 0.000047
4 0.000016
2 0.000015
0 0.000012
7 0.000015
1 0.000043
3 0.000054
6 0.000046
2 0.000024
0 0.000012
4 0.000027
7 0.000017
5 0.000026
1 0.000023
0 0.000012
6 0.000030
7 0.000012
2 0.000022
3 0.000030
4 0.000023
5 0.000043
1 0.000051
0 0.000012
7 0.000013
6 0.000032
2 0.000031
3 0.000018
5 0.000032
4 0.000019
7 0.000019
0 0.000020
1 0.000024
6 0.000040
2 0.000038
3 0.000023
7 0.000012
5 0.000034
0 0.000013
4 0.000031
1 0.000036
2 0.000023
6 0.000025
7 0.000012
0 0.000012
3 0.000025
5 0.000035
4 0.000029
1 0.000025
2 0.000029
7 0.000011
0 0.000012
6 0.000032
3 0.000032
5 0.000022
4 0.000044
2 0.000024
1 0.000023
0 0.000013
7 0.000013
6 0.000048
5 0.000047
3 0.000047
2 0.000042
1 0.000023
4 0.000045
0 0.000013
3 0.000016
7 0.000013
2 0.000016
6 0.000033
1 0.000024
4 0.000015
5 0.000024
0 0.000018
7 0.000014
3 0.000035
2 0.000023
1 0.000025
6 0.000032
4 0.000025
0 0.000012
7 0.000012
3 0.000024
5 0.000024
2 0.000042
1 0.000016
4 0.000024
6 0.000030
7 0.000012
0 0.000012
3 0.000032
2 0.000026
1 0.000023
5 0.000026
4 0.000046
6 0.000039
0 0.000012
7 0.000015
1 0.000037
2 0.000016
3 0.000037
0 0.000012
7 0.000012
5 0.000041
4 0.000041
2 0.000025
6 0.000041
1 0.000040
0 0.000012
7 0.000015
3 0.000068
4 0.000039
5 0.000023
2 0.000015
6 0.000018
1 0.000017
7 0.000012
0 0.000013
3 0.000024
4 0.000024
5 0.000016
6 0.000016
2 0.000022
1 0.000024
0 0.000013
7 0.000013
3 0.000038
5 0.000039
6 0.000032
4 0.000040
2 0.000024
0 0.000012
7 0.000012
1 0.000041
3 0.000036
5 0.000017
4 0.000016
6 0.000025
2 0.000019
7 0.000012
0 0.000013
1 0.000047
3 0.000041
5 0.000034
7 0.000010
2 0.000015
6 0.000038
4 0.000040
0 0.000012
5 0.000026
1 0.000031
3 0.000031
7 0.000020
2 0.000032
4 0.000024
0 0.000012
6 0.000023
7 0.000011
5 0.000054
1 0.000059
3 0.000055
2 0.000048
4 0.000016
0 0.000012
7 0.000010
6 0.000048
5 0.000038
1 0.000038
2 0.000040
3 0.000024
7 0.000011
4 0.000016
0 0.000012
5 0.000032
6 0.000046
1 0.000041
7 0.000010
2 0.000031
3 0.000038
0 0.000012
4 0.000033
5 0.000024
7 0.000010
6 0.000016
1 0.000016
0 0.000012
2 0.000016
3 0.000033
4 0.000036
5 0.000024
7 0.000010
6 0.000030
0 0.000014
1 0.000048
2 0.000039
3 0.000033
5 0.000018
7 0.000012
4 0.000028
6 0.000015
2 0.000022
1 0.000024
3 0.000017
7 0.000011
0 0.000012
5 0.000030
4 0.000015
2 0.000015
3 0.000015
1 0.000017
6 0.000017
7 0.000012
0 0.000012
5 0.000039
4 0.000055
2 0.000041
3 0.000029
7 0.000012
1 0.000024
0 0.000013
6 0.000024
5 0.000031
4 0.000032
2 0.000024
3 0.000023
7 0.000012
0 0.000015
1 0.000037
6 0.000030
5 0.000023
7 0.000016
2 0.000034
0 0.000012
3 0.000027
4 0.000033
1 0.000037
6 0.000034
5 0.000031
7 0.000012
0 0.000012
2 0.000043
3 0.000030
4 0.000022
5 0.000021
7 0.000012
0 0.000017
1 0.000041
6 0.000036
2 0.000031
3 0.000029
4 0.000024
7 0.000011
5 0.000031
2 0.000024
1 0.000025
0 0.000012
6 0.000025
7 0.000011
3 0.000040
4 0.000041
5 0.000032
0 0.000012
2 0.000031
1 0.000039
6 0.000043
7 0.000012
3 0.000022
0 0.000012
5 0.000031
4 0.000036
7 0.000015
2 0.000047
6 0.000031
1 0.000046
3 0.000045
0 0.000014
5 0.000023
7 0.000017
4 0.000017
6 0.000024
2 0.000023
0 0.000012
7 0.000013
1 0.000052
3 0.000053
4 0.000031
5 0.000047
6 0.000023
2 0.000025
7 0.000016
0 0.000012
1 0.000032
3 0.000020
4 0.000029
5 0.000025
2 0.000029
7 0.000024
0 0.000018
6 0.000055
1 0.000054
3 0.000046
4 0.000040
5 0.000025
2 0.000026
7 0.000012
0 0.000011
6 0.000016
1 0.000032
3 0.000032
4 0.000032
5 0.000023
2 0.000023
7 0.000010
0 0.000016
6 0.000037
1 0.000039
5 0.000027
7 0.000011
3 0.000023
0 0.000013
2 0.000023
6 0.000016
4 0.000023
1 0.000022
5 0.000015
7 0.000011
0 0.000017
3 0.000032
2 0.000016
6 0.000015
7 0.000012
0 0.000012
1 0.000062
5 0.000047
3 0.000041
4 0.000056
2 0.000049
7 0.000012
6 0.000016
1 0.000016
0 0.000013
5 0.000037
2 0.000022
3 0.000016
4 0.000016
7 0.000012
6 0.000023
1 0.000028
0 0.000012
5 0.000039
2 0.000023
7 0.000016
3 0.000032
4 0.000032
0 0.000012
6 0.000056
1 0.000057
7 0.000011
5 0.000047
2 0.000031
0 0.000012
3 0.000040
4 0.000041
1 0.000021
6 0.000033
7 0.000012
0 0.000012
5 0.000063
2 0.000064
4 0.000039
7 0.000017
3 0.000042
0 0.000023
1 0.000015
6 0.000038
5 0.000044
7 0.000022
4 0.000048
0 0.000012
3 0.000038
2 0.000061
1 0.000046
5 0.000033
6 0.000036
7 0.000011
0 0.000012
4 0.000046
2 0.000049
5 0.000016
3 0.000050
1 0.000022
7 0.000011
0 0.000012
6 0.000038
4 0.000031
2 0.000032
5 0.000015
7 0.000012
3 0.000023
1 0.000016
0 0.000017
6 0.000032
4 0.000058
2 0.000024
7 0.000012
5 0.000024
1 0.000032
3 0.000032
0 0.000012
7 0.000012
2 0.000024
6 0.000028
4 0.000017
0 0.000012
1 0.000024
3 0.000024
7 0.000014
5 0.000039
2 0.000026
6 0.000023
4 0.000024
7 0.000012
1 0.000025
0 0.000011
5 0.000017
3 0.000016
2 0.000039
6 0.000034
7 0.000011
4 0.000023
1 0.000015
5 0.000015
0 0.000012
3 0.000028
2 0.000029
7 0.000017
6 0.000038
4 0.000031
1 0.000033
5 0.000023
0 0.000012
7 0.000012
2 0.000031
6 0.000016
3 0.000023
4 0.000039
0 0.000012
7 0.000018
5 0.000057
1 0.000066
2 0.000023
6 0.000016
0 0.000012
7 0.000017
4 0.000031
3 0.000031
5 0.000023
1 0.000016
2 0.000016
6 0.000032
0 0.000018
7 0.000020
4 0.000029
5 0.000039
3 0.000031
2 0.000021
0 0.000012
7 0.000012
1 0.000053
6 0.000038
4 0.000030
5 0.000053
3 0.000031
2 0.000032
0 0.000012
7 0.000016
1 0.000024
6 0.000018
4 0.000015
5 0.000038
3 0.000019
7 0.000029
2 0.000016
0 0.000012
6 0.000026
1 0.000029
4 0.000020
5 0.000024
2 0.000018
0 0.000012
7 0.000027
3 0.000023
6 0.000030
1 0.000029
4 0.000023
5 0.000016
7 0.000019
2 0.000016
0 0.000012
6 0.000024
3 0.000023
1 0.000016
4 0.000040
5 0.000040
7 0.000051
2 0.000033
0 0.000015
6 0.000022
3 0.000015
1 0.000033
5 0.000024
4 0.000018
0 0.000014
2 0.000029
7 0.000025
6 0.000031
3 0.000032
1 0.000032
5 0.000030
0 0.000012
4 0.000023
7 0.000044
2 0.000041
6 0.000036
3 0.000037
1 0.000031
5 0.000032
0 0.000012
7 0.000042
4 0.000030
2 0.000020
6 0.000031
3 0.000027
1 0.000016
5 0.000039
7 0.000051
0 0.000012
4 0.000047
2 0.000047
6 0.000037
3 0.000039
0 0.000012
1 0.000032
7 0.000049
4 0.000024
2 0.000040
0 0.000014
6 0.000027
3 0.000026
5 0.000032
1 0.000024
0 0.000012
7 0.000044
2 0.000020
4 0.000031
6 0.000037
3 0.000038
1 0.000024
0 0.000012
7 0.000021
5 0.000029
2 0.000035
4 0.000035
0 0.000012
6 0.000015
3 0.000016
7 0.000027
1 0.000023
0 0.000012
5 0.000022
2 0.000016
7 0.000035
4 0.000019
3 0.000020
0 0.000012
6 0.000017
1 0.000039
5 0.000027
2 0.000023
7 0.000025
0 0.000012
3 0.000015
4 0.000015
2 0.000026
5 0.000020
1 0.000025
6 0.000025
7 0.000026
0 0.000012
0 0.000012
3 0.000088
4 0.000092
6 0.000119
2 0.000160
1 0.000119
5 0.000189
0 0.000012
4 0.000032
3 0.000036
6 0.000023
0 0.000012
1 0.000025
2 0.000028
5 0.000025
4 0.000030
3 0.000030
7 0.000125
0 0.000012
6 0.000023
1 0.000026
2 0.000043
5 0.000026
3 0.000026
0 0.000012
4 0.000016
7 0.000049
6 0.000116
1 0.000105
5 0.000159
4 0.000031
7 0.000012
3 0.000052
0 0.000012
2 0.000155
1 0.000047
6 0.000049
4 0.000031
5 0.000052
7 0.000028
0 0.000018
3 0.000053
2 0.000027
1 0.000016
6 0.000017
5 0.000021
4 0.000016
0 0.000012
7 0.000024
3 0.000023
2 0.000026
1 0.000010
6 0.000022
5 0.000023
4 0.000019
0 0.000012
1 0.000010
7 0.000016
2 0.000019
3 0.000018
5 0.000024
6 0.000022
0 0.000012
1 0.000011
4 0.000012
7 0.000025
3 0.000026
2 0.000036
1 0.000012
6 0.000024
5 0.000031
7 0.000011
0 0.000011
3 0.000030
4 0.000012
2 0.000029
1 0.000011
6 0.000026
5 0.000018
7 0.000021
0 0.000012
3 0.000018
4 0.000012
2 0.000019
1 0.000012
6 0.000020
5 0.000019
7 0.000018
4 0.000011
0 0.000013
1 0.000017
3 0.000047
2 0.000050
5 0.000026
4 0.000012
7 0.000019
6 0.000044
0 0.000011
1 0.000012
3 0.000018
5 0.000019
2 0.000019
4 0.000012
1 0.000012
7 0.000018
6 0.000019
0 0.000012
3 0.000035
4 0.000012
5 0.000027
1 0.000012
2 0.000020
6 0.000022
7 0.000015
4 0.000012
0 0.000012
3 0.000020
1 0.000012
5 0.000027
2 0.000024
4 0.000012
1 0.000012
4 0.000012
7 0.000089
0 0.000012
1 0.000012
3 0.000145
6 0.000058
4 0.000012
1 0.000012
7 0.000013
5 0.000133
4 0.000012
6 0.000027
3 0.000020
0 0.000012
1 0.000012
4 0.000012
7 0.000023
5 0.000035
6 0.000030
0 0.000012
2 0.000090
3 0.000019
4 0.000011
7 0.000017
5 0.000021
6 0.000018
2 0.000014
4 0.000012
0 0.000012
7 0.000010
3 0.000025
6 0.000021
2 0.000014
7 0.000012
0 0.000013
3 0.000018
6 0.000019
2 0.000014
7 0.000011
0 0.000012
3 0.000024
6 0.000019
7 0.000011
2 0.000014
3 0.000017
0 0.000012
7 0.000012
2 0.000015
0 0.000012
7 0.000012
2 0.000014
0 0.000012
7 0.000012
2 0.000014
0 0.000012
7 0.000013
2 0.000014
0 0.000012
7 0.000013
2 0.000014
0 0.000012
7 0.000013
0 0.000012
2 0.000014
7 0.000013
0 0.000012
2 0.000015
7 0.000013
0 0.000012
2 0.000015
7 0.000012
0 0.000012
2 0.000015
7 0.000012
0 0.000012
7 0.000011
2 0.000014
0 0.000012
7 0.000012
2 0.000015
0 0.000011
7 0.000012
2 0.000019
0 0.000011
7 0.000011
2 0.000014
0 0.000012
7 0.000012
2 0.000014
0 0.000012
7 0.000024
2 0.000015
0 0.000012
7 0.000012
2 0.000019
0 0.000012
7 0.000012
2 0.000015
0 0.000012
7 0.000012
2 0.000015
0 0.000012
7 0.000012
2 0.000014
0 0.000012
7 0.000012
2 0.000014
0 0.000012
7 0.000012
2 0.000014
0 0.000012
7 0.000012
2 0.000011
0 0.000011
7 0.000013
2 0.000011
0 0.000012
7 0.000012
2 0.000011
0 0.000012
7 0.000012
2 0.000012
0 0.000013
7 0.000012
2 0.000012
7 0.000012
0 0.000013
2 0.000012
7 0.000011
2 0.000011
0 0.000012
7 0.000010
2 0.000011
0 0.000013
7 0.000010
2 0.000012
0 0.000013
7 0.000010
2 0.000012
0 0.000012
7 0.000011
2 0.000011
0 0.000012
2 0.000012
7 0.000011
0 0.000012
2 0.000011
7 0.000012
0 0.000012
2 0.000011
7 0.000011
0 0.000012
2 0.000011
7 0.000011
0 0.000012
7 0.000011
0 0.000012
7 0.000011
0 0.000012
7 0.000011
0 0.000012
7 0.000011
0 0.000012
7 0.000012
0 0.000012
7 0.000011
0 0.000012
7 0.000011
0 0.000012
7 0.000012
0 0.000012
7 0.000011
0 0.000011
7 0.000011
0 0.000011
7 0.000011
0 0.000012
7 0.000011
0 0.000011
7 0.000011
0 0.000012
7 0.000011
0 0.000012
7 0.000011
0 0.000012
7 0.000011
0 0.000012
7 0.000012
0 0.000012
7 0.000011
0 0.000011
7 0.000011
0 0.000011
7 0.000011
0 0.000012
7 0.000011
0 0.000012
7 0.000011
0 0.000012
7 0.000011
0 0.000012
7 0.000011
0 0.000012
7 0.000012
0 0.000012
7 0.000011
0 0.000012
7 0.000011
0 0.000012
7 0.000012
0 0.000012
7 0.000012
0 0.000012
7 0.000012
0 0.000012
7 0.000012
0 0.000012
7 0.000012
0 0.000018
7 0.000012
7 0.000012
0 0.000019
7 0.000012
0 0.000019
7 0.000012
0 0.000018
7 0.000012
0 0.000018
7 0.000011
0 0.000018
7 0.000011
0 0.000018
7 0.000012
0 0.000017
7 0.000012
0 0.000018
7 0.000013
0 0.000018
0 0.000022
0 0.000018
0 0.000018
0 0.000018
0 0.000018
0 0.000042
3 0.000134
5 0.000108
7 0.000107
0 0.000012
1 0.000100
6 0.000100
3 0.000043
7 0.000033
5 0.000046
0 0.000011
1 0.000016
6 0.000016
7 0.000017
5 0.000024
3 0.000025
1 0.000025
0 0.000012
7 0.000024
6 0.000048
2 0.000130
5 0.000033
0 0.000012
3 0.000029
1 0.000030
7 0.000059
6 0.000037
5 0.000036
0 0.000012
2 0.000063
3 0.000037
1 0.000025
6 0.000016
5 0.000018
0 0.000012
7 0.000025
4 0.000904
2 0.000056
3 0.000048
0 0.000012
1 0.000089
6 0.000097
5 0.000139
7 0.000134
0 0.000012
2 0.000111
3 0.000121
6 0.000025
0 0.000013
1 0.000051
5 0.000052
2 0.000026
7 0.000050
3 0.000025
0 0.000012
4 0.000107
6 0.000019
1 0.000032
2 0.000040
0 0.000013
4 0.000013
6 0.000015
3 0.000019
5 0.000032
7 0.000038
1 0.000024
2 0.000030
0 0.000012
4 0.000019
6 0.000036
3 0.000028
5 0.000030
7 0.000036
1 0.000058
2 0.000046
0 0.000012
4 0.000020
3 0.000040
6 0.000039
5 0.000032
0 0.000012
7 0.000032
4 0.000012
2 0.000024
1 0.000025
3 0.000043
6 0.000028
7 0.000017
4 0.000012
0 0.000012
5 0.000018
1 0.000022
2 0.000016
3 0.000033
4 0.000017
0 0.000012
7 0.000055
6 0.000032
5 0.000040
2 0.000018
1 0.000024
0 0.000012
4 0.000022
7 0.000031
3 0.000033
6 0.000052
5 0.000049
2 0.000056
1 0.000052
4 0.000013
7 0.000025
0 0.000013
6 0.000017
3 0.000019
5 0.000016
2 0.000039
1 0.000031
4 0.000020
0 0.000011
7 0.000038
6 0.000035
5 0.000044
2 0.000030
1 0.000022
0 0.000011
3 0.000044
4 0.000020
7 0.000037
6 0.000030
5 0.000022
2 0.000020
0 0.000010
4 0.000012
3 0.000016
1 0.000016
7 0.000016
5 0.000026
6 0.000034
4 0.000019
0 0.000022
2 0.000022
1 0.000030
3 0.000039
5 0.000040
7 0.000025
6 0.000024
4 0.000012
0 0.000012
2 0.000040
1 0.000045
7 0.000032
5 0.000043
4 0.000012
0 0.000012
3 0.000032
2 0.000034
6 0.000038
1 0.000024
7 0.000039
4 0.000019
5 0.000031
0 0.000016
3 0.000069
2 0.000046
6 0.000027
1 0.000026
0 0.000013
7 0.000040
5 0.000030
4 0.000018
3 0.000054
2 0.000048
6 0.000043
1 0.000044
5 0.000020
0 0.000012
4 0.000012
7 0.000045
3 0.000033
2 0.000029
5 0.000024
1 0.000025
6 0.000027
4 0.000012
7 0.000040
0 0.000012
2 0.000048
3 0.000048
1 0.000024
5 0.000015
4 0.000012
7 0.000039
6 0.000038
0 0.000012
3 0.000018
2 0.000016
4 0.000012
1 0.000035
7 0.000019
5 0.000036
0 0.000017
6 0.000043
3 0.000041
7 0.000023
2 0.000035
4 0.000012
0 0.000012
1 0.000063
5 0.000063
6 0.000021
7 0.000022
3 0.000016
4 0.000013
2 0.000032
0 0.000013
5 0.000015
1 0.000024
6 0.000031
7 0.000032
3 0.000016
4 0.000013
2 0.000017
5 0.000018
0 0.000013
1 0.000016
6 0.000032
7 0.000024
4 0.000017
3 0.000056
2 0.000050
5 0.000036
0 0.000011
4 0.000018
1 0.000038
6 0.000028
7 0.000030
3 0.000034
2 0.000025
5 0.000036
4 0.000012
0 0.000012
1 0.000034
7 0.000029
6 0.000026
3 0.000024
5 0.000015
2 0.000016
0 0.000012
1 0.000031
6 0.000023
4 0.000012
7 0.000028
0 0.000015
3 0.000058
5 0.000069
2 0.000041
4 0.000012
6 0.000026
1 0.000032
7 0.000024
0 0.000014
3 0.000054
2 0.000029
5 0.000016
4 0.000012
6 0.000023
7 0.000016
0 0.000011
1 0.000021
3 0.000024
2 0.000025
5 0.000048
4 0.000011
6 0.000036
0 0.000011
7 0.000059
1 0.000024
2 0.000016
3 0.000025
5 0.000015
0 0.000012
6 0.000025
7 0.000023
4 0.000012
1 0.000052
2 0.000053
0 0.000012
3 0.000056
4 0.000012
7 0.000049
6 0.000032
5 0.000034
0 0.000017
2 0.000038
1 0.000048
3 0.000024
4 0.000012
7 0.000025
6 0.000019
5 0.000023
0 0.000012
2 0.000037
4 0.000012
3 0.000032
0 0.000012
7 0.000023
5 0.000041
6 0.000040
1 0.000032
4 0.000012
0 0.000012
3 0.000028
2 0.000023
7 0.000023
6 0.000017
4 0.000012
5 0.000039
0 0.000012
1 0.000031
3 0.000032
2 0.000024
7 0.000054
0 0.000017
6 0.000047
5 0.000032
1 0.000025
4 0.000018
3 0.000034
2 0.000030
7 0.000022
6 0.000015
0 0.000013
5 0.000025
1 0.000031
4 0.000012
3 0.000024
0 0.000012
7 0.000047
2 0.000055
6 0.000048
5 0.000047
4 0.000012
1 0.000053
3 0.000049
7 0.000018
0 0.000012
4 0.000015
6 0.000040
5 0.000040
2 0.000038
0 0.000012
1 0.000032
3 0.000025
4 0.000018
7 0.000030
6 0.000030
5 0.000020
2 0.000016
3 0.000031
4 0.000012
1 0.000023
0 0.000012
7 0.000021
5 0.000017
2 0.000016
6 0.000016
3 0.000027
4 0.000012
1 0.000040
0 0.000012
7 0.000015
2 0.000024
4 0.000012
5 0.000056
0 0.000012
6 0.000032
7 0.000032
2 0.000023
3 0.000025
1 0.000038
4 0.000014
0 0.000012
5 0.000025
6 0.000025
2 0.000030
7 0.000017
4 0.000018
3 0.000024
0 0.000012
1 0.000060
5 0.000051
6 0.000047
4 0.000012
2 0.000036
3 0.000016
7 0.000036
0 0.000012
5 0.000016
6 0.000016
4 0.000012
1 0.000019
3 0.000029
2 0.000031
7 0.000030
4 0.000015
6 0.000039
0 0.000012
5 0.000035
3 0.000040
1 0.000026
7 0.000022
2 0.000040
0 0.000013
5 0.000022
6 0.000023
4 0.000013
3 0.000023
7 0.000039
1 0.000035
2 0.000018
0 0.000015
4 0.000019
6 0.000028
5 0.000015
3 0.000032
7 0.000015
1 0.000023
2 0.000027
0 0.000012
4 0.000012
6 0.000031
5 0.000025
7 0.000024
3 0.000047
0 0.000012
1 0.000048
2 0.000016
4 0.000014
6 0.000024
7 0.000033
5 0.000033
3 0.000023
0 0.000012
4 0.000013
1 0.000044
2 0.000037
6 0.000040
5 0.000019
0 0.000012
7 0.000032
3 0.000024
4 0.000012
1 0.000038
2 0.000024
6 0.000028
0 0.000012
7 0.000017
5 0.000029
3 0.000045
4 0.000012
0 0.000012
1 0.000049
2 0.000055
6 0.000042
7 0.000031
4 0.000018
0 0.000012
5 0.000045
3 0.000027
1 0.000017
2 0.000025
7 0.000015
4 0.000013
0 0.000013
6 0.000016
5 0.000029
3 0.000031
1 0.000030
4 0.000012
2 0.000032
0 0.000013
7 0.000024
5 0.000052
6 0.000053
4 0.000012
3 0.000055
1 0.000047
0 0.000014
2 0.000030
4 0.000012
5 0.000034
7 0.000026
6 0.000030
3 0.000038
1 0.000033
4 0.000012
0 0.000035
2 0.000054
7 0.000039
5 0.000052
6 0.000024
3 0.000016
4 0.000012
0 0.000013
1 0.000049
7 0.000025
2 0.000026
5 0.000021
4 0.000016
0 0.000019
6 0.000038
3 0.000040
1 0.000040
7 0.000018
5 0.000015
2 0.000018
4 0.000015
0 0.000020
6 0.000030
3 0.000024
1 0.000030
5 0.000024
7 0.000024
4 0.000012
0 0.000012
2 0.000016
6 0.000030
3 0.000024
1 0.000041
5 0.000023
4 0.000012
7 0.000040
0 0.000031
2 0.000033
6 0.000023
3 0.000024
4 0.000012
5 0.000023
1 0.000028
7 0.000040
0 0.000013
6 0.000024
3 0.000025
4 0.000018
2 0.000025
5 0.000035
1 0.000037
7 0.000028
0 0.000013
6 0.000032
4 0.000012
3 0.000033
2 0.000030
5 0.000029
1 0.000018
0 0.000026
7 0.000054
4 0.000012
6 0.000039
3 0.000029
5 0.000015
2 0.000025
0 0.000012
4 0.000013
1 0.000017
7 0.000036
6 0.000039
3 0.000030
5 0.000031
0 0.000019
2 0.000022
7 0.000031
4 0.000013
6 0.000040
1 0.000032
0 0.000022
5 0.000061
3 0.000060
4 0.000018
2 0.000063
7 0.000046
6 0.000039
0 0.000012
1 0.000030
4 0.000012
3 0.000036
5 0.000030
2 0.000024
7 0.000040
4 0.000013
0 0.000031
6 0.000039
1 0.000024
5 0.000021
2 0.000022
4 0.000013
3 0.000025
0 0.000036
7 0.000046
1 0.000035
6 0.000030
4 0.000012
5 0.000016
2 0.000039
3 0.000043
0 0.000054
7 0.000032
4 0.000012
1 0.000028
6 0.000027
5 0.000031
2 0.000024
3 0.000025
0 0.000027
4 0.000012
7 0.000022
1 0.000029
6 0.000025
5 0.000024
0 0.000037
2 0.000050
7 0.000021
3 0.000058
4 0.000015
1 0.000041
6 0.000041
5 0.000036
0 0.000050
7 0.000030
2 0.000030
4 0.000012
1 0.000017
3 0.000035
0 0.000019
6 0.000022
5 0.000018
4 0.000012
7 0.000034
2 0.000031
1 0.000040
0 0.000043
3 0.000017
6 0.000017
4 0.000013
5 0.000039
2 0.000023
7 0.000035
1 0.000031
0 0.000035
3 0.000033
6 0.000032
5 0.000023
4 0.000013
7 0.000031
2 0.000039
0 0.000043
1 0.000030
3 0.000030
5 0.000022
4 0.000013
6 0.000040
0 0.000021
2 0.000015
7 0.000034
1 0.000033
4 0.000012
3 0.000032
5 0.000032
6 0.000022
2 0.000022
0 0.000035
4 0.000012
7 0.000026
1 0.000037
5 0.000026
0 0.000027
3 0.000029
2 0.000027
6 0.000035
4 0.000012
1 0.000025
7 0.000063
0 0.000033
5 0.000018
4 0.000012
2 0.000030
3 0.000031
6 0.000032
1 0.000028
5 0.000031
4 0.000012
7 0.000026
3 0.000032
0 0.000037
2 0.000016
4 0.000012
6 0.000064
1 0.000068
5 0.000084
7 0.000060
3 0.000033
4 0.000012
0 0.000012
2 0.000058
6 0.000032
4 0.000012
5 0.000021
1 0.000016
7 0.000019
3 0.000016
0 0.000012
4 0.000014
2 0.000032
6 0.000035
5 0.000026
7 0.000024
3 0.000018
1 0.000019
4 0.000015
0 0.000025
2 0.000032
5 0.000039
6 0.000035
7 0.000025
4 0.000012
3 0.000022
0 0.000012
1 0.000016
5 0.000018
2 0.000023
6 0.000019
4 0.000012
7 0.000032
0 0.000048
3 0.000146
1 0.000156
5 0.000149
2 0.000148
6 0.000098
0 0.000012
7 0.000042
4 0.000018
1 0.000030
3 0.000029
5 0.000019
0 0.000012
2 0.000029
4 0.000016
7 0.000045
6 0.000035
1 0.000035
3 0.000022
5 0.000022
0 0.000011
4 0.000013
2 0.000041
7 0.000027
1 0.000035
3 0.000035
0 0.000012
6 0.000023
4 0.000018
5 0.000018
7 0.000046
1 0.000032
2 0.000049
3 0.000020
0 0.000012
4 0.000012
6 0.000019
5 0.000039
7 0.000021
1 0.000033
2 0.000027
4 0.000012
3 0.000018
0 0.000012
5 0.000027
6 0.000023
7 0.000023
1 0.000027
4 0.000012
2 0.000032
0 0.000012
5 0.000031
3 0.000030
6 0.000033
7 0.000036
1 0.000032
4 0.000013
2 0.000028
0 0.000012
5 0.000027
3 0.000027
7 0.000025
1 0.000025
4 0.000014
0 0.000012
6 0.000025
5 0.000081
2 0.000100
1 0.000063
3 0.000082
4 0.000026
0 0.000012
6 0.000098
1 0.000067
2 0.000037
3 0.000030
4 0.000012
0 0.000013
6 0.000026
1 0.000030
2 0.000023
4 0.000017
3 0.000026
7 0.000072
0 0.000012
6 0.000048
1 0.000036
2 0.000026
4 0.000011
3 0.000018
0 0.000012
7 0.000018
1 0.000031
2 0.000033
4 0.000012
6 0.000035
3 0.000042
0 0.000012
1 0.000018
7 0.000015
2 0.000018
4 0.000012
0 0.000012
6 0.000034
7 0.000016
2 0.000031
4 0.000012
0 0.000012
7 0.000014
4 0.000012
0 0.000013
7 0.000015
4 0.000013
0 0.000013
7 0.000015
4 0.000012
0 0.000013
7 0.000014
4 0.000012
0 0.000012
7 0.000014
4 0.000012
0 0.000013
7 0.000014
4 0.000012
0 0.000012
7 0.000014
4 0.000012
0 0.000012
7 0.000014
4 0.000011
0 0.000013
7 0.000014
4 0.000011
0 0.000013
7 0.000014
4 0.000011
0 0.000012
7 0.000014
4 0.000012
0 0.000012
7 0.000015
4 0.000012
0 0.000012
7 0.000015
4 0.000012
0 0.000012
7 0.000015
4 0.000012
0 0.000012
7 0.000015
4 0.000012
0 0.000012
7 0.000015
4 0.000012
0 0.000012
7 0.000015
4 0.000012
0 0.000012
7 0.000014
4 0.000012
0 0.000012
7 0.000014
4 0.000012
0 0.000012
7 0.000014
4 0.000012
0 0.000012
7 0.000014
4 0.000012
0 0.000012
7 0.000015
4 0.000012
0 0.000013
7 0.000017
4 0.000012
0 0.000012
7 0.000018
4 0.000013
0 0.000012
7 0.000017
4 0.000012
0 0.000013
7 0.000017
4 0.000013
0 0.000013
7 0.000018
4 0.000012
0 0.000013
7 0.000018
4 0.000013
0 0.000013
7 0.000017
4 0.000012
0 0.000012
7 0.000017
4 0.000012
0 0.000012
7 0.000018
4 0.000013
0 0.000013
7 0.000018
4 0.000011
0 0.000012
7 0.000017
4 0.000011
0 0.000012
7 0.000017
4 0.000012
0 0.000012
4 0.000012
7 0.000018
0 0.000013
4 0.000012
7 0.000018
0 0.000012
4 0.000012
7 0.000018
0 0.000012
4 0.000011
0 0.000011
4 0.000012
0 0.000011
4 0.000012
0 0.000011
4 0.000012
0 0.000012
4 0.000012
0 0.000011
4 0.000012
0 0.000012
4 0.000012
0 0.000012
4 0.000011
0 0.000012
4 0.000012
0 0.000011
4 0.000012
0 0.000011
4 0.000012
0 0.000011
4 0.000011
0 0.000011
4 0.000012
0 0.000011
4 0.000012
0 0.000012
4 0.000012
0 0.000011
4 0.000012
0 0.000011
4 0.000012
0 0.000012
4 0.000012
0 0.000011
4 0.000012
0 0.000010
4 0.000012
0 0.000012
4 0.000012
0 0.000011
4 0.000012
0 0.000012
4 0.000011
0 0.000012
4 0.000011
0 0.000012
4 0.000012
0 0.000012
4 0.000012
0 0.000012
4 0.000012
0 0.000011
4 0.000012
0 0.000011
4 0.000012
0 0.000012
4 0.000012
0 0.000011
4 0.000012
0 0.000011
4 0.000012
0 0.000012
4 0.000018
0 0.000012
4 0.000018
0 0.000012
0 0.000012
4 0.000019
0 0.000012
4 0.000019
0 0.000011
4 0.000019
0 0.000012
4 0.000022
0 0.000011
4 0.000018
0 0.000011
4 0.000018
0 0.000012
4 0.000018
0 0.000012
4 0.000018
4 0.000018
4 0.000018
4 0.000018
4 0.000018
4 0.000018
6 0.000021
0 0.000030
4 0.000148
2 0.000184
1 0.000200
3 0.000244
1 0.000024
5 0.000205
6 0.000012
4 0.000020
7 0.000261
3 0.000021
1 0.000017
2 0.000094
0 0.000013
6 0.000018
5 0.000049
4 0.000048
7 0.000016
6 0.000013
2 0.000030
3 0.000032
5 0.000018
1 0.000032
0 0.000013
4 0.000057
7 0.000047
6 0.000014
2 0.000028
3 0.000021
0 0.000011
1 0.000016
5 0.000027
4 0.000017
6 0.000011
0 0.000012
7 0.000018
3 0.000027
2 0.000028
1 0.000020
5 0.000027
4 0.000025
6 0.000012
0 0.000012
7 0.000021
3 0.000024
2 0.000023
6 0.000014
0 0.000012
1 0.000048
5 0.000043
4 0.000040
3 0.000018
0 0.000012
2 0.000023
7 0.000018
6 0.000012
5 0.000046
4 0.000039
1 0.000032
3 0.000042
2 0.000041
0 0.000012
7 0.000044
6 0.000014
5 0.000025
0 0.000012
1 0.000040
2 0.000032
3 0.000032
4 0.000038
6 0.000014
7 0.000050
0 0.000012
5 0.000040
2 0.000041
1 0.000041
3 0.000039
6 0.000012
4 0.000030
0 0.000012
5 0.000019
7 0.000016
2 0.000041
6 0.000012
1 0.000029
3 0.000026
4 0.000027
0 0.000011
6 0.000012
5 0.000054
7 0.000047
2 0.000047
1 0.000023
0 0.000013
4 0.000032
3 0.000031
6 0.000013
5 0.000049
2 0.000041
7 0.000041
1 0.000031
0 0.000012
6 0.000012
4 0.000035
3 0.000033
2 0.000017
5 0.000017
0 0.000012
6 0.000012
1 0.000040
7 0.000028
3 0.000033
4 0.000024
6 0.000011
2 0.000033
5 0.000032
0 0.000012
1 0.000062
7 0.000042
3 0.000033
6 0.000011
0 0.000012
4 0.000024
2 0.000025
5 0.000025
1 0.000024
7 0.000017
6 0.000012
0 0.000012
3 0.000024
4 0.000025
5 0.000017
2 0.000017
7 0.000032
0 0.000013
3 0.000016
1 0.000029
6 0.000013
5 0.000028
2 0.000021
4 0.000029
3 0.000036
7 0.000019
0 0.000011
6 0.000016
1 0.000041
4 0.000041
5 0.000055
3 0.000018
2 0.000051
0 0.000013
6 0.000012
7 0.000016
1 0.000038
4 0.000041
3 0.000039
5 0.000025
2 0.000023
6 0.000012
7 0.000016
0 0.000012
1 0.000032
4 0.000020
3 0.000020
6 0.000011
7 0.000016
2 0.000020
5 0.000024
1 0.000031
0 0.000012
6 0.000014
4 0.000033
7 0.000031
2 0.000033
3 0.000033
5 0.000040
1 0.000040
6 0.000017
0 0.000023
4 0.000024
2 0.000029
7 0.000041
5 0.000022
1 0.000033
6 0.000012
3 0.000040
4 0.000024
0 0.000012
5 0.000023
2 0.000024
7 0.000037
6 0.000014
1 0.000035
3 0.000040
4 0.000040
0 0.000012
5 0.000042
2 0.000030
7 0.000032
1 0.000016
6 0.000020
0 0.000016
3 0.000037
4 0.000036
5 0.000031
2 0.000025
7 0.000023
1 0.000024
6 0.000019
0 0.000018
3 0.000026
4 0.000022
5 0.000017
2 0.000017
7 0.000033
0 0.000012
6 0.000013
1 0.000033
3 0.000053
2 0.000030
4 0.000024
5 0.000033
6 0.000013
0 0.000013
1 0.000016
7 0.000016
2 0.000024
4 0.000020
3 0.000025
5 0.000023
6 0.000013
0 0.000012
1 0.000016
2 0.000032
7 0.000032
4 0.000016
5 0.000024
6 0.000012
0 0.000012
1 0.000021
3 0.000025
2 0.000024
7 0.000022
4 0.000039
0 0.000013
5 0.000050
6 0.000013
3 0.000029
1 0.000032
2 0.000036
4 0.000021
0 0.000012
7 0.000031
6 0.000016
5 0.000049
3 0.000034
1 0.000036
2 0.000028
4 0.000030
0 0.000012
6 0.000015
7 0.000057
5 0.000040
3 0.000037
2 0.000015
1 0.000015
0 0.000013
6 0.000013
4 0.000061
7 0.000036
5 0.000031
3 0.000038
1 0.000032
6 0.000018
0 0.000018
4 0.000024
2 0.000038
7 0.000024
5 0.000033
3 0.000047
1 0.000037
6 0.000012
0 0.000013
4 0.000027
2 0.000032
7 0.000026
5 0.000025
1 0.000016
3 0.000023
6 0.000012
0 0.000013
4 0.000048
7 0.000016
5 0.000017
2 0.000017
6 0.000015
0 0.000012
1 0.000037
4 0.000020
3 0.000036
7 0.000016
5 0.000024
2 0.000024
0 0.000014
6 0.000011
4 0.000017
1 0.000016
7 0.000016
3 0.000026
0 0.000011
5 0.000034
6 0.000011
2 0.000058
4 0.000032
1 0.000037
7 0.000023
3 0.000025
0 0.000012
6 0.000010
5 0.000047
4 0.000024
2 0.000047
1 0.000017
6 0.000011
7 0.000024
3 0.000024
5 0.000023
0 0.000012
4 0.000024
2 0.000024
6 0.000011
1 0.000029
7 0.000032
3 0.000031
0 0.000012
4 0.000024
5 0.000021
6 0.000018
2 0.000024
1 0.000023
7 0.000027
0 0.000017
3 0.000032
5 0.000024
6 0.000012
4 0.000024
2 0.000045
1 0.000036
7 0.000023
0 0.000012
3 0.000032
6 0.000012
5 0.000026
4 0.000024
2 0.000016
0 0.000012
1 0.000032
6 0.000011
3 0.000019
7 0.000027
5 0.000032
4 0.000039
2 0.000037
6 0.000017
0 0.000012
1 0.000031
3 0.000031
7 0.000025
5 0.000028
4 0.000018
0 0.000022
2 0.000031
6 0.000024
1 0.000030
3 0.000022
0 0.000011
5 0.000031
2 0.000024
4 0.000045
6 0.000018
7 0.000045
3 0.000035
0 0.000012
1 0.000038
6 0.000011
2 0.000041
4 0.000040
5 0.000041
7 0.000028
0 0.000011
3 0.000026
6 0.000010
1 0.000039
4 0.000022
2 0.000016
5 0.000031
0 0.000012
6 0.000012
7 0.000029
3 0.000039
1 0.000030
4 0.000033
2 0.000029
0 0.000016
6 0.000012
5 0.000037
3 0.000022
1 0.000024
7 0.000027
4 0.000037
0 0.000013
6 0.000013
2 0.000039
5 0.000047
3 0.000028
7 0.000030
6 0.000011
4 0.000016
0 0.000012
1 0.000032
2 0.000024
5 0.000032
3 0.000024
6 0.000011
7 0.000034
0 0.000010
4 0.000023
2 0.000022
6 0.000016
5 0.000032
3 0.000027
1 0.000046
0 0.000012
7 0.000056
6 0.000012
2 0.000063
5 0.000039
4 0.000064
0 0.000012
3 0.000024
6 0.000012
7 0.000022
1 0.000023
2 0.000016
5 0.000023
0 0.000012
6 0.000012
4 0.000034
3 0.000032
7 0.000038
1 0.000041
2 0.000030
0 0.000012
6 0.000012
5 0.000032
4 0.000016
3 0.000016
7 0.000024
2 0.000015
1 0.000016
6 0.000012
0 0.000012
5 0.000031
3 0.000029
4 0.000031
2 0.000023
1 0.000017
6 0.000012
0 0.000012
5 0.000033
7 0.000019
2 0.000033
3 0.000038
6 0.000013
1 0.000015
4 0.000034
0 0.000012
5 0.000047
2 0.000023
7 0.000039
6 0.000012
1 0.000026
3 0.000024
0 0.000012
4 0.000026
5 0.000023
6 0.000012
7 0.000031
1 0.000024
2 0.000024
0 0.000011
3 0.000018
4 0.000025
6 0.000013
5 0.000039
7 0.000029
1 0.000024
2 0.000016
0 0.000018
3 0.000032
4 0.000017
6 0.000020
5 0.000036
1 0.000024
2 0.000024
0 0.000012
7 0.000024
6 0.000018
3 0.000041
4 0.000048
5 0.000028
0 0.000011
2 0.000032
1 0.000033
7 0.000026
6 0.000026
3 0.000033
5 0.000028
4 0.000030
0 0.000012
2 0.000029
6 0.000018
1 0.000031
7 0.000030
5 0.000022
3 0.000016
0 0.000012
4 0.000040
6 0.000019
2 0.000051
7 0.000032
1 0.000031
0 0.000011
5 0.000048
3 0.000043
6 0.000018
4 0.000037
2 0.000028
7 0.000039
1 0.000032
0 0.000012
5 0.000031
6 0.000025
3 0.000056
4 0.000046
2 0.000032
0 0.000011
7 0.000017
1 0.000017
6 0.000011
5 0.000020
3 0.000029
0 0.000012
2 0.000023
4 0.000025
6 0.000013
5 0.000020
7 0.000018
1 0.000021
0 0.000012
2 0.000020
3 0.000056
6 0.000012
4 0.000019
0 0.000012
5 0.000023
1 0.000033
7 0.000033
2 0.000067
3 0.000055
6 0.000017
0 0.000011
5 0.000028
4 0.000041
1 0.000016
7 0.000021
6 0.000015
0 0.000012
2 0.000052
5 0.000025
3 0.000044
4 0.000026
7 0.000025
0 0.000012
1 0.000026
6 0.000039
2 0.000036
5 0.000036
4 0.000015
3 0.000024
0 0.000011
7 0.000048
1 0.000050
6 0.000065
2 0.000040
4 0.000023
5 0.000042
3 0.000024
0 0.000012
7 0.000040
1 0.000024
6 0.000029
2 0.000024
5 0.000039
3 0.000031
4 0.000030
0 0.000011
7 0.000029
1 0.000028
6 0.000031
2 0.000025
5 0.000042
4 0.000016
3 0.000023
0 0.000012
7 0.000016
1 0.000017
2 0.000032
6 0.000043
4 0.000024
5 0.000026
0 0.000012
7 0.000041
1 0.000042
3 0.000026
2 0.000033
4 0.000021
0 0.000011
5 0.000016
6 0.000033
7 0.000016
1 0.000017
0 0.000011
4 0.000018
2 0.000021
5 0.000021
6 0.000024
3 0.000025
7 0.000043
1 0.000037
0 0.000011
4 0.000016
2 0.000017
5 0.000017
6 0.000027
3 0.000031
0 0.000012
7 0.000029
1 0.000029
4 0.000024
0 0.000012
2 0.000040
5 0.000038
3 0.000022
6 0.000051
0 0.000012
4 0.000027
1 0.000022
7 0.000021
2 0.000021
0 0.000013
5 0.000052
6 0.000059
3 0.000057
4 0.000049
1 0.000028
7 0.000015
2 0.000024
0 0.000011
6 0.000034
5 0.000032
3 0.000015
4 0.000015
0 0.000012
1 0.000049
7 0.000048
2 0.000039
6 0.000036
5 0.000024
0 0.000012
3 0.000022
4 0.000022
1 0.000016
2 0.000016
6 0.000020
0 0.000013
7 0.000024
5 0.000025
3 0.000031
4 0.000032
2 0.000011
0 0.000012
1 0.000032
6 0.000031
7 0.000015
5 0.000016
2 0.000012
0 0.000017
3 0.000031
4 0.000017
2 0.000012
1 0.000099
7 0.000064
2 0.000012
5 0.000103
6 0.000098
3 0.000067
2 0.000014
2 0.000012
4 0.000149
2 0.000012
5 0.000145
3 0.000023
1 0.000110
7 0.000127
6 0.000011
2 0.000012
4 0.000038
5 0.000025
0 0.000196
1 0.000034
3 0.000024
7 0.000022
2 0.000012
6 0.000011
5 0.000018
4 0.000021
3 0.000011
1 0.000024
2 0.000012
7 0.000019
0 0.000037
6 0.000012
3 0.000012
2 0.000012
5 0.000039
4 0.000067
3 0.000016
1 0.000048
7 0.000032
2 0.000012
6 0.000012
3 0.000012
7 0.000010
2 0.000012
0 0.000041
6 0.000012
5 0.000030
3 0.000011
4 0.000061
1 0.000043
2 0.000011
7 0.000011
3 0.000011
6 0.000012
5 0.000020
4 0.000027
2 0.000014
3 0.000012
7 0.000011
6 0.000012
0 0.000076
3 0.000012
7 0.000012
1 0.000130
3 0.000012
7 0.000010
5 0.000110
3 0.000012
7 0.000010
6 0.000016
3 0.000012
4 0.000100
1 0.000067
7 0.000011
5 0.000083
6 0.000012
3 0.000012
0 0.000110
7 0.000010
3 0.000012
5 0.000041
1 0.000049
6 0.000016
4 0.000081
2 0.000129
7 0.000011
3 0.000012
0 0.000064
1 0.000024
6 0.000012
7 0.000011
3 0.000012
2 0.000031
5 0.000034
4 0.000086
7 0.000012
6 0.000012
1 0.000067
0 0.000080
7 0.000012
2 0.000025
6 0.000019
5 0.000025
1 0.000040
7 0.000013
4 0.000072
2 0.000030
6 0.000012
0 0.000067
7 0.000013
5 0.000080
1 0.000042
7 0.000012
2 0.000016
6 0.000013
4 0.000027
5 0.000022
1 0.000021
0 0.000055
6 0.000018
2 0.000033
5 0.000027
1 0.000020
4 0.000032
6 0.000012
2 0.000038
0 0.000094
1 0.000029
6 0.000012
2 0.000037
4 0.000090
1 0.000018
6 0.000012
0 0.000070
2 0.000045
4 0.000088
6 0.000014
2 0.000015
0 0.000033
6 0.000012
4 0.000030
2 0.000014
6 0.000012
0 0.000028
2 0.000015
6 0.000011
0 0.000014
2 0.000014
6 0.000012
0 0.000014
2 0.000014
6 0.000011
0 0.000014
2 0.000014
6 0.000012
0 0.000011
2 0.000015
6 0.000012
0 0.000012
2 0.000015
6 0.000022
0 0.000012
2 0.000015
6 0.000012
0 0.000011
2 0.000015
6 0.000012
0 0.000012
2 0.000015
6 0.000012
0 0.000013
2 0.000015
6 0.000012
0 0.000013
2 0.000014
6 0.000012
0 0.000012
2 0.000015
6 0.000013
0 0.000013
2 0.000014
6 0.000013
0 0.000012
2 0.000014
6 0.000013
0 0.000013
2 0.000013
6 0.000013
0 0.000012
2 0.000011
6 0.000013
0 0.000012
2 0.000012
6 0.000012
0 0.000013
2 0.000015
2 0.000012
6 0.000011
0 0.000013
2 0.000011
6 0.000012
0 0.000013
2 0.000012
6 0.000012
0 0.000012
2 0.000012
6 0.000013
0 0.000013
2 0.000012
6 0.000012
0 0.000013
2 0.000012
6 0.000012
0 0.000013
2 0.000011
6 0.000012
0 0.000012
2 0.000011
6 0.000011
0 0.000013
2 0.000012
6 0.000010
0 0.000013
2 0.000011
6 0.000011
0 0.000012
2 0.000012
6 0.000011
0 0.000012
2 0.000012
6 0.000011
0 0.000012
6 0.000012
0 0.000012
6 0.000012
0 0.000012
6 0.000012
0 0.000012
6 0.000012
0 0.000012
6 0.000011
0 0.000012
6 0.000012
0 0.000011
6 0.000012
0 0.000012
6 0.000011
0 0.000011
6 0.000012
0 0.000011
6 0.000011
0 0.000011
6 0.000011
0 0.000011
6 0.000011
0 0.000011
6 0.000011
0 0.000011
6 0.000011
0 0.000011
6 0.000012
0 0.000011
6 0.000012
0 0.000012
6 0.000012
0 0.000011
6 0.000012
0 0.000011
6 0.000012
0 0.000011
6 0.000012
0 0.000012
6 0.000012
0 0.000011
6 0.000012
0 0.000011
6 0.000012
0 0.000011
6 0.000016
0 0.000012
6 0.000011
0 0.000011
6 0.000012
0 0.000011
6 0.000012
0 0.000011
6 0.000011
0 0.000011
6 0.000012
0 0.000011
6 0.000012
0 0.000011
6 0.000012
0 0.000011
6 0.000012
0 0.000012
6 0.000012
0 0.000011
6 0.000012
0 0.000012
6 0.000018
0 0.000011
6 0.000018
0 0.000012
6 0.000018
0 0.000013
6 0.000018
0 0.000012
0 0.000012
6 0.000019
0 0.000012
6 0.000019
0 0.000012
6 0.000019
0 0.000012
6 0.000019
0 0.000011
6 0.000018
0 0.000011
6 0.000018
0 0.000011
6 0.000018
0 0.000011
6 0.000017
0 0.000011
6 0.000018
0 0.000011
6 0.000018
0 0.000012
6 0.000018
0 0.000012
0 0.000011
0 0.000011
0 0.000011
0 0.000012
0 0.000011
0 0.000011
0 0.000011
0 0.000011
0 0.000030
7 0.000238
1 0.000160
4 0.000138
0 0.000011
2 0.000152
6 0.000013
0 0.000012
3 0.000184
7 0.000025
4 0.000024
1 0.000027
2 0.000024
5 0.000188
3 0.000018
4 0.000017
0 0.000013
7 0.000016
6 0.000013
2 0.000038
1 0.000039
4 0.000017
5 0.000024
3 0.000034
7 0.000022
6 0.000012
0 0.000011
2 0.000043
4 0.000032
1 0.000038
3 0.000020
7 0.000026
0 0.000012
5 0.000025
6 0.000012
2 0.000034
4 0.000024
1 0.000032
3 0.000018
0 0.000012
6 0.000012
5 0.000034
7 0.000033
4 0.000025
2 0.000025
0 0.000013
1 0.000036
3 0.000037
6 0.000013
7 0.000041
5 0.000030
2 0.000036
4 0.000033
0 0.000016
3 0.000034
6 0.000010
1 0.000026
5 0.000016
7 0.000024
0 0.000012
4 0.000024
2 0.000024
6 0.000011
3 0.000049
1 0.000029
5 0.000024
0 0.000017
2 0.000033
6 0.000011
7 0.000039
4 0.000031
3 0.000034
5 0.000023
1 0.000022
0 0.000017
6 0.000011
2 0.000060
7 0.000024
4 0.000047
5 0.000038
0 0.000012
6 0.000011
3 0.000038
1 0.000036
2 0.000024
7 0.000023
4 0.000032
5 0.000024
6 0.000012
0 0.000037
3 0.000072
2 0.000076
7 0.000033
1 0.000110
5 0.000017
0 0.000011
6 0.000012
2 0.000033
3 0.000032
4 0.000027
6 0.000011
7 0.000050
5 0.000023
1 0.000049
0 0.000012
2 0.000032
3 0.000030
6 0.000017
4 0.000024
7 0.000016
5 0.000016
0 0.000017
1 0.000034
2 0.000022
3 0.000019
6 0.000017
4 0.000032
0 0.000011
5 0.000041
1 0.000024
7 0.000041
2 0.000032
3 0.000023
0 0.000012
6 0.000011
4 0.000082
5 0.000047
2 0.000031
0 0.000012
6 0.000012
3 0.000016
4 0.000019
1 0.000018
7 0.000018
2 0.000017
6 0.000012
0 0.000012
5 0.000016
3 0.000031
4 0.000025
2 0.000031
1 0.000034
7 0.000017
0 0.000013
6 0.000013
5 0.000022
3 0.000036
4 0.000036
2 0.000024
6 0.000013
0 0.000013
7 0.000028
5 0.000022
1 0.000041
3 0.000018
4 0.000018
2 0.000037
0 0.000024
5 0.000041
7 0.000058
6 0.000012
4 0.000025
2 0.000016
3 0.000025
1 0.000025
5 0.000016
0 0.000012
6 0.000010
7 0.000027
2 0.000033
4 0.000032
3 0.000027
5 0.000026
6 0.000012
1 0.000032
0 0.000013
7 0.000047
4 0.000035
2 0.000039
5 0.000017
3 0.000024
6 0.000011
0 0.000012
1 0.000032
7 0.000040
2 0.000032
5 0.000025
3 0.000033
6 0.000012
4 0.000019
0 0.000013
1 0.000040
7 0.000046
2 0.000037
5 0.000025
3 0.000024
0 0.000013
6 0.000013
4 0.000031
1 0.000028
2 0.000023
7 0.000018
6 0.000012
3 0.000025
0 0.000013
4 0.000016
5 0.000027
2 0.000032
6 0.000016
0 0.000012
1 0.000047
7 0.000051
3 0.000032
4 0.000033
5 0.000023
6 0.000019
2 0.000039
0 0.000012
1 0.000015
7 0.000024
3 0.000017
4 0.000025
6 0.000011
0 0.000012
5 0.000022
2 0.000048
1 0.000056
7 0.000056
6 0.000011
0 0.000012
3 0.000046
4 0.000045
5 0.000069
6 0.000012
7 0.000016
1 0.000023
0 0.000012
3 0.000026
2 0.000057
6 0.000016
4 0.000025
5 0.000040
1 0.000033
0 0.000011
7 0.000038
6 0.000013
3 0.000023
2 0.000023
4 0.000028
5 0.000035
0 0.000016
1 0.000022
6 0.000012
7 0.000032
2 0.000030
3 0.000031
5 0.000023
4 0.000016
0 0.000012
6 0.000012
1 0.000032
7 0.000038
2 0.000031
3 0.000023
0 0.000012
5 0.000022
6 0.000012
1 0.000032
7 0.000024
2 0.000018
4 0.000041
0 0.000012
3 0.000034
5 0.000048
1 0.000020
6 0.000012
2 0.000035
7 0.000036
3 0.000018
0 0.000012
4 0.000020
6 0.000017
5 0.000048
1 0.000039
2 0.000034
7 0.000031
0 0.000014
3 0.000027
4 0.000020
6 0.000011
5 0.000033
2 0.000032
0 0.000011
1 0.000032
7 0.000031
6 0.000012
3 0.000035
4 0.000037
0 0.000011
2 0.000055
5 0.000059
7 0.000031
1 0.000037
6 0.000012
0 0.000012
3 0.000034
4 0.000034
5 0.000032
2 0.000038
7 0.000024
6 0.000011
1 0.000034
0 0.000012
3 0.000024
5 0.000040
4 0.000035
7 0.000020
6 0.000011
2 0.000033
1 0.000032
3 0.000032
0 0.000012
7 0.000024
4 0.000023
5 0.000041
6 0.000012
1 0.000024
2 0.000024
0 0.000012
3 0.000019
6 0.000012
4 0.000018
7 0.000021
5 0.000033
1 0.000032
2 0.000016
0 0.000011
7 0.000016
6 0.000012
4 0.000032
3 0.000042
5 0.000033
1 0.000033
2 0.000032
0 0.000012
6 0.000019
7 0.000065
4 0.000062
3 0.000040
0 0.000011
6 0.000015
5 0.000046
2 0.000046
7 0.000023
1 0.000046
6 0.000012
3 0.000032
4 0.000033
0 0.000012
2 0.000055
5 0.000040
7 0.000037
6 0.000012
1 0.000041
3 0.000039
4 0.000017
0 0.000012
2 0.000016
5 0.000017
7 0.000051
1 0.000025
6 0.000056
3 0.000024
0 0.000020
5 0.000039
2 0.000038
4 0.000032
6 0.000011
7 0.000040
1 0.000025
0 0.000012
3 0.000024
5 0.000032
2 0.000028
6 0.000015
7 0.000021
0 0.000012
1 0.000024
4 0.000026
3 0.000041
2 0.000024
5 0.000024
6 0.000013
0 0.000012
7 0.000046
1 0.000037
4 0.000028
3 0.000024
6 0.000019
0 0.000011
2 0.000050
5 0.000049
7 0.000024
1 0.000024
4 0.000018
0 0.000012
3 0.000017
6 0.000013
2 0.000022
5 0.000057
7 0.000053
1 0.000032
0 0.000013
3 0.000017
6 0.000013
4 0.000018
2 0.000016
5 0.000040
7 0.000031
1 0.000048
3 0.000016
6 0.000012
0 0.000011
4 0.000032
7 0.000032
5 0.000040
2 0.000040
1 0.000028
6 0.000014
0 0.000013
3 0.000037
4 0.000016
7 0.000024
5 0.000040
6 0.000016
1 0.000024
0 0.000012
2 0.000039
3 0.000023
4 0.000025
6 0.000012
7 0.000039
0 0.000012
5 0.000026
1 0.000056
2 0.000031
3 0.000024
6 0.000011
7 0.000016
0 0.000012
5 0.000028
4 0.000032
1 0.000039
2 0.000040
3 0.000024
6 0.000014
0 0.000012
7 0.000041
5 0.000039
4 0.000031
2 0.000016
1 0.000016
6 0.000013
3 0.000032
0 0.000013
5 0.000046
7 0.000039
4 0.000031
2 0.000026
1 0.000021
3 0.000019
6 0.000012
0 0.000012
5 0.000030
7 0.000016
4 0.000024
2 0.000015
1 0.000015
6 0.000010
3 0.000032
0 0.000014
5 0.000046
7 0.000021
4 0.000021
2 0.000027
1 0.000016
6 0.000011
3 0.000024
0 0.000011
5 0.000039
7 0.000032
4 0.000028
6 0.000017
1 0.000033
0 0.000013
2 0.000034
3 0.000023
5 0.000031
7 0.000028
4 0.000024
6 0.000011
0 0.000011
1 0.000055
2 0.000038
5 0.000017
3 0.000016
6 0.000011
0 0.000027
7 0.000038
1 0.000023
4 0.000042
6 0.000018
5 0.000040
3 0.000025
0 0.000012
2 0.000054
7 0.000035
4 0.000016
1 0.000034
6 0.000019
0 0.000017
3 0.000046
5 0.000046
2 0.000043
7 0.000016
6 0.000012
0 0.000011
1 0.000025
4 0.000024
3 0.000022
5 0.000017
2 0.000024
0 0.000012
6 0.000019
7 0.000038
1 0.000029
5 0.000039
3 0.000033
4 0.000035
2 0.000017
0 0.000012
6 0.000021
7 0.000032
1 0.000034
5 0.000022
2 0.000016
3 0.000017
0 0.000014
6 0.000014
7 0.000024
1 0.000026
5 0.000016
4 0.000023
0 0.000011
6 0.000026
2 0.000065
3 0.000049
7 0.000024
5 0.000024
1 0.000025
0 0.000012
4 0.000024
6 0.000019
2 0.000031
3 0.000024
0 0.000012
7 0.000032
1 0.000018
5 0.000024
4 0.000039
6 0.000022
2 0.000024
3 0.000016
0 0.000012
1 0.000015
5 0.000016
7 0.000015
4 0.000016
3 0.000037
2 0.000043
6 0.000063
0 0.000012
5 0.000025
4 0.000017
1 0.000019
7 0.000025
0 0.000012
6 0.000023
2 0.000031
5 0.000025
3 0.000032
0 0.000012
4 0.000047
1 0.000030
6 0.000023
7 0.000055
2 0.000025
5 0.000024
0 0.000012
3 0.000016
4 0.000021
1 0.000021
6 0.000011
0 0.000012
7 0.000024
5 0.000027
2 0.000031
3 0.000036
0 0.000012
1 0.000028
6 0.000029
7 0.000016
4 0.000028
5 0.000032
2 0.000032
0 0.000012
6 0.000043
3 0.000041
1 0.000016
7 0.000018
0 0.000011
2 0.000017
5 0.000018
4 0.000015
6 0.000027
0 0.000012
1 0.000019
3 0.000024
5 0.000017
7 0.000036
6 0.000034
4 0.000018
0 0.000012
2 0.000032
1 0.000036
3 0.000016
6 0.000021
5 0.000024
0 0.000012
7 0.000028
4 0.000021
2 0.000023
1 0.000024
0 0.000013
3 0.000025
6 0.000032
5 0.000027
4 0.000020
7 0.000020
2 0.000016
1 0.000016
0 0.000012
3 0.000016
6 0.000025
4 0.000024
5 0.000032
0 0.000023
7 0.000038
2 0.000040
6 0.000026
1 0.000028
0 0.000012
5 0.000015
4 0.000020
3 0.000027
7 0.000047
0 0.000012
2 0.000022
6 0.000044
5 0.000031
1 0.000022
0 0.000011
4 0.000024
3 0.000044
6 0.000109
7 0.000105
2 0.000143
1 0.000124
5 0.000147
3 0.000028
4 0.000085
7 0.000016
6 0.000027
2 0.000039
1 0.000024
5 0.000018
3 0.000023
4 0.000035
7 0.000025
0 0.000112
6 0.000043
2 0.000031
5 0.000022
1 0.000023
3 0.000023
4 0.000017
2 0.000011
7 0.000032
6 0.000051
1 0.000031
0 0.000055
3 0.000023
2 0.000012
5 0.000047
4 0.000016
7 0.000024
6 0.000026
2 0.000012
1 0.000020
3 0.000021
5 0.000024
0 0.000020
4 0.000025
7 0.000034
6 0.000027
3 0.000011
2 0.000012
3 0.000010
5 0.000053
1 0.000078
7 0.000086
0 0.000082
4 0.000083
2 0.000012
3 0.000011
6 0.000011
5 0.000026
1 0.000016
7 0.000019
3 0.000011
2 0.000012
0 0.000023
6 0.000012
4 0.000026
5 0.000029
1 0.000012
3 0.000012
7 0.000019
2 0.000011
0 0.000014
6 0.000013
1 0.000016
4 0.000034
5 0.000030
3 0.000013
2 0.000012
7 0.000021
0 0.000016
1 0.000013
6 0.000013
4 0.000030
5 0.000028
2 0.000012
3 0.000012
7 0.000019
1 0.000012
0 0.000016
6 0.000013
4 0.000018
2 0.000012
5 0.000019
1 0.000012
7 0.000020
3 0.000012
6 0.000012
0 0.000018
2 0.000012
4 0.000030
1 0.000012
5 0.000019
7 0.000018
3 0.000012
0 0.000016
2 0.000012
1 0.000011
6 0.000012
4 0.000026
5 0.000027
2 0.000012
7 0.000023
1 0.000012
3 0.000012
6 0.000011
0 0.000023
4 0.000034
2 0.000012
1 0.000012
5 0.000033
7 0.000021
6 0.000010
3 0.000012
0 0.000014
2 0.000012
1 0.000011
3 0.000012
6 0.000016
0 0.000012
4 0.000075
1 0.000012
3 0.000012
7 0.000105
5 0.000122
3 0.000018
1 0.000012
4 0.000051
3 0.000020
6 0.000011
7 0.000045
0 0.000024
5 0.000028
1 0.000011
4 0.000019
7 0.000020
6 0.000013
2 0.000058
0 0.000023
5 0.000021
1 0.000012
4 0.000019
7 0.000019
1 0.000012
6 0.000011
0 0.000018
2 0.000023
5 0.000028
4 0.000027
7 0.000019
6 0.000012
0 0.000016
2 0.000015
4 0.000018
6 0.000011
0 0.000015
2 0.000015
4 0.000018
6 0.000012
0 0.000015
2 0.000022
4 0.000018
6 0.000012
0 0.000017
2 0.000017
6 0.000012
4 0.000025
0 0.000012
2 0.000014
6 0.000012
0 0.000011
2 0.000014
6 0.000012
0 0.000011
2 0.000014
6 0.000012
0 0.000011
2 0.000015
6 0.000011
0 0.000012
6 0.000012
2 0.000015
0 0.000011
6 0.000012
2 0.000015
0 0.000011
6 0.000012
2 0.000029
0 0.000012
6 0.000012
2 0.000015
0 0.000011
6 0.000012
0 0.000012
2 0.000014
6 0.000012
0 0.000012
2 0.000015
6 0.000012
0 0.000011
2 0.000014
6 0.000012
0 0.000011
2 0.000014
6 0.000012
0 0.000011
2 0.000015
6 0.000012
0 0.000012
6 0.000011
2 0.000014
0 0.000012
6 0.000012
2 0.000015
0 0.000011
6 0.000012
2 0.000015
0 0.000012
6 0.000011
2 0.000015
0 0.000012
6 0.000011
2 0.000015
0 0.000012
6 0.000012
2 0.000015
0 0.000012
6 0.000012
2 0.000015
0 0.000012
6 0.000012
2 0.000018
0 0.000012
6 0.000012
0 0.000012
2 0.000018
6 0.000012
0 0.000011
2 0.000017
6 0.000012
0 0.000012
2 0.000018
6 0.000012
0 0.000011
2 0.000018
6 0.000012
0 0.000011
6 0.000012
2 0.000017
0 0.000011
6 0.000012
2 0.000018
0 0.000011
6 0.000012
2 0.000018
0 0.000012
6 0.000011
2 0.000017
0 0.000011
6 0.000012
2 0.000018
0 0.000012
6 0.000012
0 0.000012
2 0.000018
6 0.000012
0 0.000012
2 0.000018
6 0.000012
0 0.000011
2 0.000018
6 0.000012
0 0.000011
2 0.000018
6 0.000012
0 0.000011
2 0.000018
6 0.000012
0 0.000011
6 0.000012
0 0.000011
6 0.000011
0 0.000011
6 0.000012
0 0.000012
6 0.000011
0 0.000011
6 0.000012
0 0.000011
6 0.000011
0 0.000011
6 0.000012
0 0.000011
6 0.000011
0 0.000011
6 0.000011
0 0.000012
6 0.000012
0 0.000011
6 0.000011
0 0.000011
6 0.000012
0 0.000011
6 0.000011
0 0.000011
6 0.000012
0 0.000011
6 0.000012
0 0.000011
6 0.000012
0 0.000012
6 0.000016
0 0.000011
6 0.000012
0 0.000011
6 0.000012
0 0.000012
6 0.000012
0 0.000012
6 0.000012
0 0.000011
6 0.000012
0 0.000011
6 0.000012
0 0.000011
6 0.000012
0 0.000011
6 0.000012
0 0.000011
6 0.000012
0 0.000011
6 0.000012
0 0.000012
6 0.000012
0 0.000012
6 0.000012
0 0.000012
6 0.000018
0 0.000011
0 0.000012
6 0.000019
0 0.000012
6 0.000019
0 0.000012
6 0.000022
0 0.000011
6 0.000018
0 0.000011
6 0.000018
0 0.000012
6 0.000018
0 0.000011
6 0.000018
0 0.000011
6 0.000018
0 0.000011
6 0.000018
0 0.000012
6 0.000018
0 0.000012
6 0.000017
6 0.000018
6 0.000018
6 0.000018
