0 0.000159
5 0.000048
2 0.000046
4 0.000049
3 0.000049
1 0.000050
6 0.000050
5 0.000039
2 0.000039
0 0.000040
3 0.000039
7 0.000046
1 0.000039
6 0.000039
5 0.000039
2 0.000039
0 0.000039
3 0.000044
4 0.000039
6 0.000047
1 0.000047
2 0.000039
5 0.000039
0 0.000039
3 0.000039
6 0.000039
7 0.000046
1 0.000039
2 0.000039
5 0.000039
0 0.000039
3 0.000039
4 0.000039
6 0.000039
1 0.000039
2 0.000039
5 0.000039
0 0.000039
4 0.000039
1 0.000039
6 0.000039
3 0.000039
5 0.000039
2 0.000039
0 0.000039
3 0.000039
6 0.000039
7 0.000039
1 0.000039
2 0.000039
5 0.000039
0 0.000039
7 0.000039
6 0.000039
3 0.000039
1 0.000039
5 0.000039
2 0.000039
0 0.000039
1 0.000039
7 0.000039
3 0.000039
6 0.000039
2 0.000039
0 0.000039
5 0.000039
1 0.000039
7 0.000039
3 0.000039
6 0.000039
5 0.000039
2 0.000039
0 0.000039
7 0.000039
3 0.000039
6 0.000040
1 0.000039
4 0.000039
5 0.000039
0 0.000039
2 0.000039
3 0.000039
6 0.000039
1 0.000039
7 0.000039
5 0.000039
4 0.000041
2 0.000039
0 0.000039
3 0.000039
6 0.000039
1 0.000039
7 0.000039
5 0.000039
2 0.000039
4 0.000039
0 0.000039
3 0.000039
6 0.000039
7 0.000039
1 0.000039
5 0.000039
2 0.000039
0 0.000039
4 0.000039
6 0.000039
7 0.000039
1 0.000039
3 0.000039
5 0.000039
0 0.000039
2 0.000039
4 0.000039
6 0.000039
1 0.000039
7 0.000039
3 0.000039
2 0.000039
0 0.000039
4 0.000039
5 0.000039
3 0.000039
6 0.000039
1 0.000039
7 0.000039
5 0.000039
0 0.000039
4 0.000039
2 0.000039
7 0.000039
6 0.000039
1 0.000039
3 0.000039
5 0.000039
2 0.000039
4 0.000039
0 0.000039
3 0.000039
6 0.000039
1 0.000039
7 0.000039
2 0.000039
4 0.000039
0 0.000039
5 0.000039
3 0.000039
6 0.000039
7 0.000039
1 0.000039
5 0.000039
0 0.000039
4 0.000039
2 0.000039
6 0.000039
7 0.000039
1 0.000039
3 0.000039
0 0.000039
5 0.000039
2 0.000039
4 0.000039
7 0.000039
1 0.000039
3 0.000039
6 0.000039
2 0.000039
4 0.000039
0 0.000039
5 0.000039
3 0.000039
7 0.000039
1 0.000039
6 0.000039
4 0.000039
5 0.000039
0 0.000039
2 0.000039
6 0.000039
3 0.000039
7 0.000039
1 0.000039
2 0.000039
0 0.000039
4 0.000039
5 0.000039
1 0.000039
6 0.000039
7 0.000039
3 0.000039
5 0.000039
0 0.000039
4 0.000039
2 0.000039
7 0.000039
6 0.000039
1 0.000039
3 0.000039
2 0.000039
0 0.000039
5 0.000039
4 0.000039
6 0.000039
3 0.000039
1 0.000039
7 0.000039
0 0.000049
5 0.000039
2 0.000039
4 0.000039
1 0.000039
7 0.000039
6 0.000039
3 0.000039
0 0.000039
2 0.000039
4 0.000039
5 0.000039
7 0.000039
1 0.000039
3 0.000039
6 0.000039
0 0.000039
5 0.000039
4 0.000039
2 0.000039
1 0.000039
7 0.000039
3 0.000039
6 0.000039
5 0.000039
0 0.000039
4 0.000039
2 0.000039
1 0.000039
7 0.000039
3 0.000039
6 0.000039
5 0.000039
2 0.000039
0 0.000039
4 0.000044
3 0.000039
7 0.000039
1 0.000039
6 0.000039
0 0.000039
4 0.000039
5 0.000039
2 0.000039
6 0.000039
3 0.000039
1 0.000039
7 0.000039
2 0.000039
4 0.000039
5 0.000039
0 0.000039
7 0.000039
6 0.000039
3 0.000039
1 0.000039
2 0.000039
5 0.000039
4 0.000039
0 0.000039
6 0.000039
3 0.000039
1 0.000039
7 0.000039
0 0.000039
2 0.000039
5 0.000039
4 0.000039
6 0.000045
7 0.000046
1 0.000048
3 0.000046
0 0.000039
5 0.000039
4 0.000039
2 0.000039
3 0.000039
6 0.000039
1 0.000039
7 0.000039
0 0.000040
2 0.000039
4 0.000039
5 0.000039
7 0.000039
1 0.000039
3 0.000039
6 0.000039
0 0.000040
5 0.000039
4 0.000039
2 0.000039
1 0.000039
7 0.000039
6 0.000039
3 0.000039
5 0.000039
0 0.000040
2 0.000039
4 0.000039
7 0.000043
6 0.000045
1 0.000046
3 0.000039
5 0.000039
0 0.000039
2 0.000039
1 0.000039
3 0.000039
7 0.000039
6 0.000039
4 0.000039
0 0.000039
5 0.000039
2 0.000039
4 0.000039
0 0.000039
3 0.000039
1 0.000039
7 0.000039
6 0.000039
5 0.000039
0 0.000039
2 0.000039
4 0.000039
5 0.000039
1 0.000039
6 0.000039
3 0.000039
7 0.000039
2 0.000039
5 0.000039
0 0.000039
4 0.000039
1 0.000044
6 0.000046
7 0.000054
3 0.000046
2 0.000039
0 0.000039
5 0.000039
4 0.000039
6 0.000039
7 0.000039
1 0.000039
3 0.000039
5 0.000039
4 0.000039
2 0.000039
0 0.000039
6 0.000039
7 0.000039
3 0.000039
1 0.000039
0 0.000039
5 0.000039
4 0.000039
2 0.000039
1 0.000039
7 0.000039
3 0.000039
6 0.000039
5 0.000039
4 0.000039
2 0.000039
0 0.000039
1 0.000039
7 0.000039
3 0.000039
6 0.000039
0 0.000039
2 0.000039
4 0.000039
5 0.000039
3 0.000039
6 0.000039
7 0.000039
1 0.000039
0 0.000039
2 0.000039
4 0.000039
5 0.000039
6 0.000039
7 0.000039
3 0.000039
1 0.000039
2 0.000039
5 0.000039
0 0.000039
4 0.000039
6 0.000039
3 0.000039
1 0.000039
7 0.000039
0 0.000039
2 0.000039
5 0.000039
4 0.000039
3 0.000039
6 0.000039
1 0.000039
7 0.000039
2 0.000039
5 0.000039
4 0.000039
0 0.000039
7 0.000039
3 0.000039
1 0.000039
6 0.000039
0 0.000039
4 0.000039
2 0.000039
5 0.000039
1 0.000039
7 0.000039
6 0.000039
3 0.000039
2 0.000039
0 0.000040
4 0.000039
5 0.000039
7 0.000039
6 0.000039
1 0.000039
3 0.000039
5 0.000039
0 0.000039
2 0.000039
4 0.000039
7 0.000039
1 0.000039
3 0.000039
6 0.000039
0 0.000039
2 0.000039
5 0.000039
4 0.000039
3 0.000039
6 0.000039
1 0.000039
7 0.000039
0 0.000039
5 0.000039
2 0.000039
4 0.000039
7 0.000039
6 0.000039
3 0.000039
1 0.000039
0 0.000040
2 0.000039
4 0.000039
5 0.000039
3 0.000039
7 0.000039
6 0.000039
1 0.000039
2 0.000039
5 0.000039
0 0.000039
4 0.000039
6 0.000039
1 0.000039
7 0.000039
3 0.000039
2 0.000039
0 0.000047
4 0.000046
5 0.000046
1 0.000039
6 0.000039
3 0.000039
7 0.000039
0 0.000039
2 0.000039
5 0.000039
4 0.000039
6 0.000039
7 0.000039
3 0.000039
1 0.000039
4 0.000039
0 0.000039
5 0.000039
2 0.000039
1 0.000039
7 0.000039
3 0.000039
6 0.000039
2 0.000039
4 0.000039
0 0.000039
5 0.000039
7 0.000039
3 0.000039
1 0.000039
6 0.000039
2 0.000039
4 0.000039
5 0.000039
0 0.000039
1 0.000039
3 0.000039
7 0.000039
6 0.000039
4 0.000039
0 0.000039
2 0.000039
5 0.000039
6 0.000039
1 0.000039
7 0.000039
3 0.000039
0 0.000039
5 0.000039
4 0.000039
2 0.000039
6 0.000039
3 0.000039
1 0.000039
7 0.000039
4 0.000039
2 0.000039
0 0.000039
5 0.000039
6 0.000039
7 0.000039
1 0.000039
3 0.000039
2 0.000039
0 0.000039
4 0.000039
5 0.000039
1 0.000039
3 0.000039
7 0.000039
6 0.000039
0 0.000039
5 0.000039
2 0.000039
4 0.000039
7 0.000039
1 0.000039
3 0.000039
6 0.000039
0 0.000039
4 0.000039
2 0.000039
5 0.000039
7 0.000039
3 0.000039
6 0.000039
1 0.000039
2 0.000039
0 0.000039
4 0.000039
5 0.000039
7 0.000039
3 0.000039
1 0.000039
6 0.000039
0 0.000039
4 0.000039
2 0.000039
5 0.000039
6 0.000039
3 0.000039
7 0.000039
1 0.000039
0 0.000039
2 0.000039
4 0.000039
5 0.000039
6 0.000039
7 0.000039
3 0.000039
1 0.000039
4 0.000039
2 0.000039
0 0.000039
5 0.000039
6 0.000039
1 0.000039
7 0.000039
3 0.000039
2 0.000039
0 0.000039
5 0.000039
4 0.000039
1 0.000039
3 0.000039
7 0.000039
6 0.000039
2 0.000039
0 0.000039
6 0.000039
4 0.000039
7 0.000039
1 0.000039
5 0.000039
3 0.000039
7 0.000039
3 0.000039
2 0.000039
0 0.000039
6 0.000039
5 0.000039
4 0.000039
1 0.000039
7 0.000039
3 0.000039
6 0.000039
1 0.000039
0 0.000039
5 0.000039
2 0.000039
4 0.000039
3 0.000039
6 0.000039
7 0.000039
1 0.000039
4 0.000039
5 0.000039
2 0.000039
0 0.000039
3 0.000039
1 0.000039
6 0.000039
7 0.000039
5 0.000039
0 0.000039
2 0.000039
4 0.000039
7 0.000039
6 0.000039
3 0.000039
1 0.000039
4 0.000039
0 0.000039
5 0.000039
2 0.000039
6 0.000039
3 0.000039
7 0.000039
1 0.000039
4 0.000039
0 0.000039
5 0.000039
2 0.000039
3 0.000039
7 0.000039
1 0.000039
6 0.000039
4 0.000039
2 0.000039
5 0.000039
0 0.000039
7 0.000039
6 0.000039
1 0.000039
3 0.000039
2 0.000039
4 0.000039
5 0.000039
0 0.000039
3 0.000039
7 0.000039
1 0.000039
6 0.000039
4 0.000039
2 0.000039
0 0.000039
5 0.000039
3 0.000039
1 0.000039
7 0.000039
6 0.000039
2 0.000039
5 0.000039
0 0.000039
4 0.000039
1 0.000039
6 0.000039
3 0.000039
7 0.000039
0 0.000039
2 0.000039
4 0.000039
5 0.000039
7 0.000039
6 0.000039
1 0.000039
3 0.000039
0 0.000039
4 0.000039
2 0.000039
5 0.000039
3 0.000039
7 0.000039
1 0.000039
6 0.000039
0 0.000040
4 0.000039
5 0.000039
2 0.000039
3 0.000039
7 0.000039
1 0.000039
6 0.000039
5 0.000039
0 0.000039
4 0.000039
2 0.000039
6 0.000039
1 0.000039
3 0.000039
7 0.000039
5 0.000039
4 0.000039
2 0.000039
0 0.000039
6 0.000039
7 0.000039
3 0.000039
1 0.000039
4 0.000039
5 0.000039
2 0.000039
0 0.000039
6 0.000039
7 0.000039
3 0.000046
1 0.000039
4 0.000039
0 0.000039
5 0.000039
2 0.000039
3 0.000039
6 0.000039
7 0.000039
1 0.000039
4 0.000039
5 0.000039
0 0.000039
2 0.000039
3 0.000039
6 0.000039
7 0.000039
1 0.000039
6 0.000039
4 0.000039
3 0.000039
0 0.000039
5 0.000039
2 0.000039
7 0.000039
1 0.000039
6 0.000039
3 0.000039
7 0.000039
4 0.000039
5 0.000039
2 0.000039
0 0.000039
7 0.000044
1 0.000039
6 0.000039
3 0.000039
5 0.000039
4 0.000039
0 0.000039
2 0.000039
7 0.000039
6 0.000039
3 0.000039
1 0.000039
2 0.000039
4 0.000039
0 0.000039
5 0.000039
1 0.000039
6 0.000039
7 0.000039
3 0.000039
4 0.000039
5 0.000039
2 0.000039
0 0.000039
6 0.000039
7 0.000039
3 0.000039
1 0.000039
5 0.000039
4 0.000039
0 0.000039
2 0.000039
3 0.000046
7 0.000045
6 0.000045
1 0.000045
4 0.000039
2 0.000039
0 0.000040
5 0.000039
7 0.000039
6 0.000039
1 0.000039
3 0.000039
2 0.000039
0 0.000039
5 0.000039
4 0.000039
3 0.000039
1 0.000039
7 0.000039
6 0.000039
4 0.000039
2 0.000039
5 0.000039
0 0.000039
1 0.000039
3 0.000039
7 0.000039
6 0.000039
4 0.000039
5 0.000039
0 0.000039
2 0.000039
7 0.000039
1 0.000039
3 0.000039
6 0.000039
4 0.000039
5 0.000039
0 0.000039
2 0.000039
3 0.000039
6 0.000039
1 0.000039
7 0.000039
4 0.000039
0 0.000039
2 0.000039
5 0.000039
7 0.000039
1 0.000039
6 0.000039
3 0.000039
4 0.000039
5 0.000039
0 0.000039
2 0.000039
7 0.000039
3 0.000039
6 0.000039
1 0.000039
5 0.000039
0 0.000039
2 0.000039
4 0.000039
7 0.000039
1 0.000039
6 0.000039
3 0.000039
4 0.000039
5 0.000039
0 0.000039
2 0.000039
7 0.000039
6 0.000039
3 0.000039
1 0.000039
0 0.000039
4 0.000039
5 0.000039
2 0.000039
7 0.000039
6 0.000039
3 0.000039
1 0.000039
4 0.000039
2 0.000039
0 0.000039
5 0.000039
7 0.000039
6 0.000039
3 0.000039
1 0.000039
2 0.000039
3 0.000039
0 0.000039
7 0.000039
5 0.000039
6 0.000039
4 0.000039
1 0.000039
7 0.000046
3 0.000047
0 0.000046
2 0.000046
5 0.000039
6 0.000039
4 0.000039
1 0.000039
3 0.000039
7 0.000039
1 0.000039
5 0.000039
0 0.000039
6 0.000039
2 0.000039
4 0.000039
7 0.000039
3 0.000039
1 0.000039
6 0.000039
4 0.000039
5 0.000039
2 0.000039
0 0.000039
7 0.000039
6 0.000039
1 0.000039
3 0.000039
4 0.000039
2 0.000039
0 0.000040
5 0.000039
1 0.000039
3 0.000039
6 0.000039
7 0.000039
4 0.000043
0 0.000046
5 0.000046
2 0.000044
1 0.000039
6 0.000039
7 0.000039
3 0.000039
4 0.000039
5 0.000039
2 0.000039
0 0.000039
7 0.000039
3 0.000039
6 0.000039
1 0.000039
4 0.000039
2 0.000039
5 0.000039
0 0.000039
1 0.000039
3 0.000039
6 0.000039
7 0.000039
2 0.000039
4 0.000039
0 0.000039
5 0.000039
1 0.000039
3 0.000039
6 0.000039
7 0.000039
0 0.000039
5 0.000044
2 0.000047
4 0.000039
1 0.000039
6 0.000039
3 0.000039
7 0.000039
0 0.000040
5 0.000039
2 0.000039
4 0.000039
1 0.000039
6 0.000039
3 0.000039
7 0.000039
5 0.000039
4 0.000039
0 0.000039
2 0.000039
6 0.000039
3 0.000039
7 0.000039
1 0.000039
5 0.000039
2 0.000039
0 0.000039
4 0.000039
6 0.000039
1 0.000039
3 0.000039
7 0.000039
0 0.000039
5 0.000043
4 0.000043
2 0.000045
7 0.000039
3 0.000039
6 0.000039
1 0.000039
0 0.000039
4 0.000039
5 0.000039
2 0.000039
7 0.000039
6 0.000039
3 0.000039
1 0.000039
0 0.000039
5 0.000039
2 0.000039
4 0.000039
7 0.000039
6 0.000039
3 0.000039
1 0.000039
2 0.000039
5 0.000039
4 0.000039
0 0.000039
6 0.000039
3 0.000039
7 0.000039
1 0.000039
0 0.000039
2 0.000039
4 0.000039
5 0.000039
1 0.000044
3 0.000044
7 0.000045
0 0.000100
6 0.000052
2 0.000047
7 0.000052
4 0.000056
3 0.000056
1 0.000057
5 0.000053
6 0.000040
2 0.000039
7 0.000039
0 0.000039
3 0.000039
4 0.000039
5 0.000039
1 0.000039
6 0.000039
2 0.000039
0 0.000049
7 0.000050
5 0.000039
3 0.000039
4 0.000039
1 0.000039
2 0.000039
6 0.000039
7 0.000039
0 0.000039
3 0.000039
5 0.000039
4 0.000039
1 0.000039
2 0.000039
6 0.000039
7 0.000039
0 0.000039
3 0.000039
1 0.000039
4 0.000039
5 0.000039
2 0.000039
0 0.000039
6 0.000039
7 0.000039
3 0.000039
4 0.000039
5 0.000039
1 0.000039
6 0.000039
7 0.000044
0 0.000047
2 0.000048
3 0.000039
4 0.000039
1 0.000039
5 0.000039
2 0.000039
6 0.000039
7 0.000039
0 0.000039
3 0.000039
1 0.000039
5 0.000039
4 0.000039
2 0.000039
7 0.000039
0 0.000039
6 0.000039
3 0.000039
4 0.000039
1 0.000039
5 0.000039
2 0.000039
6 0.000039
7 0.000039
0 0.000039
1 0.000039
4 0.000039
5 0.000039
3 0.000039
6 0.000039
7 0.000039
2 0.000039
3 0.000039
1 0.000039
4 0.000049
0 0.000047
5 0.000039
2 0.000039
6 0.000039
7 0.000039
1 0.000039
4 0.000039
3 0.000039
5 0.000039
0 0.000039
2 0.000039
6 0.000039
7 0.000039
3 0.000039
1 0.000039
4 0.000039
5 0.000039
0 0.000039
2 0.000039
6 0.000039
7 0.000039
0 0.000039
3 0.000039
4 0.000039
5 0.000039
1 0.000039
6 0.000039
2 0.000039
7 0.000039
0 0.000039
3 0.000039
4 0.000039
1 0.000039
5 0.000039
6 0.000039
2 0.000039
7 0.000039
0 0.000039
4 0.000039
1 0.000039
3 0.000039
5 0.000039
6 0.000039
2 0.000039
7 0.000039
0 0.000039
5 0.000039
3 0.000039
1 0.000039
4 0.000039
2 0.000039
6 0.000039
7 0.000039
0 0.000039
3 0.000039
5 0.000039
4 0.000039
1 0.000039
2 0.000039
6 0.000039
0 0.000039
7 0.000039
1 0.000039
4 0.000039
3 0.000039
5 0.000039
7 0.000039
2 0.000039
0 0.000039
6 0.000039
3 0.000039
5 0.000039
1 0.000039
4 0.000039
6 0.000039
2 0.000039
7 0.000039
0 0.000039
4 0.000039
3 0.000039
5 0.000039
1 0.000039
6 0.000039
0 0.000039
2 0.000039
7 0.000039
5 0.000039
3 0.000039
1 0.000039
4 0.000039
6 0.000039
0 0.000039
2 0.000039
7 0.000039
1 0.000047
5 0.000046
4 0.000047
3 0.000045
6 0.000039
7 0.000039
2 0.000039
0 0.000039
5 0.000039
3 0.000039
1 0.000039
4 0.000039
6 0.000039
7 0.000039
0 0.000039
2 0.000039
1 0.000039
4 0.000039
5 0.000039
3 0.000039
2 0.000039
7 0.000039
6 0.000039
0 0.000039
5 0.000039
4 0.000039
1 0.000039
3 0.000039
2 0.000039
7 0.000039
6 0.000039
0 0.000039
3 0.000044
1 0.000046
4 0.000046
5 0.000043
6 0.000039
0 0.000039
2 0.000039
7 0.000039
1 0.000039
4 0.000039
3 0.000039
5 0.000039
6 0.000039
7 0.000039
2 0.000039
0 0.000039
4 0.000039
1 0.000039
3 0.000039
5 0.000039
2 0.000039
7 0.000039
6 0.000039
0 0.000039
4 0.000039
3 0.000039
5 0.000039
1 0.000039
2 0.000039
6 0.000039
7 0.000039
0 0.000039
4 0.000039
1 0.000039
5 0.000039
3 0.000039
6 0.000039
7 0.000039
0 0.000039
2 0.000039
1 0.000039
3 0.000039
4 0.000039
5 0.000039
6 0.000039
7 0.000039
0 0.000039
2 0.000039
4 0.000039
3 0.000039
1 0.000039
5 0.000039
6 0.000039
7 0.000039
0 0.000039
2 0.000039
1 0.000039
3 0.000039
5 0.000039
4 0.000039
2 0.000039
7 0.000039
0 0.000039
6 0.000039
4 0.000039
1 0.000039
5 0.000039
3 0.000039
2 0.000044
7 0.000043
6 0.000044
0 0.000044
3 0.000039
1 0.000039
5 0.000039
4 0.000039
6 0.000039
2 0.000039
7 0.000039
0 0.000039
3 0.000039
4 0.000039
1 0.000039
5 0.000039
2 0.000039
6 0.000039
7 0.000039
0 0.000039
5 0.000039
1 0.000039
3 0.000039
4 0.000039
6 0.000039
2 0.000039
7 0.000039
0 0.000039
4 0.000039
3 0.000039
5 0.000039
1 0.000039
2 0.000047
0 0.000049
6 0.000039
7 0.000039
4 0.000039
5 0.000039
3 0.000039
1 0.000039
2 0.000039
7 0.000039
0 0.000039
6 0.000039
4 0.000039
5 0.000039
3 0.000039
1 0.000039
6 0.000039
7 0.000039
2 0.000039
0 0.000039
4 0.000039
5 0.000039
3 0.000039
1 0.000039
0 0.000039
2 0.000039
6 0.000039
7 0.000039
3 0.000039
5 0.000039
1 0.000039
4 0.000039
0 0.000047
6 0.000050
7 0.000056
2 0.000060
5 0.000039
1 0.000039
4 0.000039
3 0.000039
0 0.000039
2 0.000039
7 0.000039
6 0.000039
3 0.000039
1 0.000039
5 0.000039
4 0.000039
6 0.000039
7 0.000039
0 0.000039
2 0.000039
4 0.000039
5 0.000039
3 0.000039
1 0.000039
0 0.000039
7 0.000039
2 0.000039
6 0.000039
4 0.000039
1 0.000039
5 0.000039
3 0.000039
6 0.000039
7 0.000039
2 0.000039
0 0.000039
4 0.000039
3 0.000039
1 0.000039
5 0.000039
7 0.000039
6 0.000039
0 0.000039
2 0.000039
5 0.000039
4 0.000039
3 0.000039
1 0.000039
6 0.000039
7 0.000039
0 0.000039
2 0.000039
5 0.000039
4 0.000039
1 0.000039
3 0.000039
6 0.000039
2 0.000039
7 0.000039
0 0.000039
5 0.000039
4 0.000039
1 0.000039
3 0.000039
7 0.000039
0 0.000039
6 0.000039
2 0.000039
1 0.000039
3 0.000039
5 0.000039
4 0.000039
6 0.000039
2 0.000039
7 0.000039
0 0.000039
4 0.000039
3 0.000039
1 0.000039
5 0.000039
7 0.000039
6 0.000039
0 0.000039
2 0.000039
5 0.000039
3 0.000039
4 0.000039
1 0.000039
6 0.000039
0 0.000039
2 0.000039
7 0.000039
5 0.000039
1 0.000039
3 0.000039
4 0.000039
6 0.000039
2 0.000039
7 0.000039
0 0.000039
3 0.000039
1 0.000039
5 0.000046
4 0.000045
6 0.000039
7 0.000039
0 0.000039
2 0.000039
3 0.000039
4 0.000039
5 0.000039
1 0.000039
2 0.000039
0 0.000039
6 0.000039
7 0.000039
4 0.000039
3 0.000039
5 0.000039
1 0.000039
7 0.000039
0 0.000039
6 0.000039
2 0.000039
1 0.000039
3 0.000039
4 0.000039
5 0.000039
2 0.000039
7 0.000039
6 0.000039
0 0.000039
4 0.000039
1 0.000039
3 0.000039
5 0.000039
6 0.000039
2 0.000039
7 0.000039
0 0.000039
5 0.000039
4 0.000039
3 0.000039
1 0.000039
0 0.000039
2 0.000039
6 0.000039
7 0.000039
1 0.000039
4 0.000039
5 0.000039
3 0.000039
0 0.000039
2 0.000039
6 0.000039
7 0.000039
3 0.000039
4 0.000039
1 0.000039
5 0.000039
6 0.000039
7 0.000039
2 0.000039
0 0.000039
5 0.000039
3 0.000039
1 0.000039
4 0.000039
6 0.000039
0 0.000039
7 0.000047
2 0.000047
3 0.000039
1 0.000039
5 0.000039
4 0.000039
0 0.000039
6 0.000039
2 0.000039
7 0.000039
1 0.000039
4 0.000039
3 0.000039
5 0.000039
0 0.000039
7 0.000039
6 0.000039
2 0.000039
5 0.000039
3 0.000039
1 0.000039
4 0.000039
7 0.000039
2 0.000039
0 0.000039
6 0.000039
1 0.000039
3 0.000039
4 0.000039
5 0.000039
0 0.000039
7 0.000039
6 0.000039
2 0.000039
5 0.000039
3 0.000039
1 0.000039
4 0.000039
2 0.000039
6 0.000039
7 0.000039
0 0.000039
5 0.000039
1 0.000039
4 0.000039
3 0.000039
0 0.000039
2 0.000039
6 0.000039
7 0.000039
4 0.000039
5 0.000039
1 0.000039
3 0.000039
0 0.000039
6 0.000039
7 0.000039
2 0.000039
5 0.000039
4 0.000039
1 0.000039
3 0.000039
0 0.000039
2 0.000039
6 0.000039
7 0.000039
4 0.000039
5 0.000039
1 0.000039
3 0.000039
6 0.000039
2 0.000039
0 0.000039
7 0.000039
5 0.000039
4 0.000039
1 0.000039
3 0.000039
0 0.000039
2 0.000039
6 0.000039
7 0.000039
4 0.000039
5 0.000039
1 0.000039
3 0.000039
7 0.000039
0 0.000039
6 0.000039
2 0.000039
3 0.000039
5 0.000039
1 0.000039
4 0.000039
2 0.000039
7 0.000039
6 0.000039
0 0.000039
1 0.000039
3 0.000039
5 0.000039
4 0.000039
0 0.000040
6 0.000039
7 0.000039
2 0.000039
5 0.000039
3 0.000039
1 0.000039
4 0.000039
7 0.000039
2 0.000039
0 0.000039
6 0.000039
5 0.000039
4 0.000039
1 0.000039
3 0.000039
6 0.000039
0 0.000039
7 0.000039
2 0.000039
4 0.000039
1 0.000039
5 0.000039
3 0.000039
0 0.000039
7 0.000039
2 0.000039
6 0.000039
4 0.000039
1 0.000039
5 0.000039
3 0.000039
7 0.000039
0 0.000039
2 0.000039
6 0.000039
5 0.000039
3 0.000039
4 0.000039
1 0.000039
0 0.000039
7 0.000039
6 0.000039
2 0.000039
1 0.000039
3 0.000039
4 0.000039
5 0.000039
0 0.000039
2 0.000039
6 0.000039
7 0.000039
5 0.000039
3 0.000039
1 0.000039
4 0.000039
0 0.000040
2 0.000039
6 0.000039
7 0.000039
5 0.000039
3 0.000039
4 0.000039
1 0.000039
2 0.000039
0 0.000039
6 0.000045
7 0.000043
1 0.000039
3 0.000039
5 0.000039
4 0.000039
7 0.000039
0 0.000039
6 0.000039
2 0.000039
3 0.000039
4 0.000039
1 0.000039
5 0.000039
7 0.000039
6 0.000039
0 0.000039
5 0.000039
2 0.000039
1 0.000039
4 0.000039
3 0.000039
7 0.000039
6 0.000039
0 0.000039
3 0.000039
2 0.000039
4 0.000039
5 0.000039
1 0.000039
7 0.000039
6 0.000039
1 0.000039
2 0.000039
0 0.000039
3 0.000039
4 0.000039
5 0.000039
6 0.000039
2 0.000039
4 0.000039
0 0.000039
5 0.000039
7 0.000039
3 0.000039
1 0.000039
6 0.000039
2 0.000039
0 0.000039
7 0.000039
4 0.000039
3 0.000039
5 0.000039
1 0.000039
2 0.000039
6 0.000039
0 0.000039
7 0.000039
4 0.000039
5 0.000039
3 0.000039
1 0.000039
0 0.000039
7 0.000039
2 0.000039
6 0.000039
3 0.000039
1 0.000039
4 0.000039
5 0.000039
2 0.000039
0 0.000039
6 0.000039
7 0.000039
5 0.000039
4 0.000039
3 0.000039
1 0.000039
0 0.000039
7 0.000039
2 0.000039
6 0.000039
4 0.000039
5 0.000039
3 0.000039
1 0.000039
7 0.000039
2 0.000039
6 0.000039
0 0.000039
4 0.000039
1 0.000039
3 0.000039
5 0.000039
0 0.000040
6 0.000039
2 0.000039
7 0.000039
4 0.000039
5 0.000039
1 0.000039
3 0.000039
7 0.000039
2 0.000039
6 0.000039
0 0.000039
4 0.000039
5 0.000039
1 0.000039
3 0.000039
7 0.000039
2 0.000039
6 0.000039
0 0.000039
4 0.000039
5 0.000039
3 0.000039
1 0.000039
2 0.000039
6 0.000039
7 0.000039
0 0.000039
4 0.000039
5 0.000039
3 0.000039
1 0.000039
7 0.000039
2 0.000039
6 0.000039
0 0.000039
5 0.000039
4 0.000039
1 0.000039
3 0.000039
7 0.000039
0 0.000039
6 0.000039
2 0.000039
4 0.000039
5 0.000039
3 0.000039
1 0.000039
2 0.000039
7 0.000039
6 0.000039
0 0.000039
5 0.000039
4 0.000039
3 0.000039
1 0.000039
7 0.000039
0 0.000039
6 0.000039
2 0.000039
1 0.000039
5 0.000039
3 0.000039
4 0.000039
7 0.000039
2 0.000039
0 0.000039
6 0.000039
4 0.000039
5 0.000039
3 0.000039
1 0.000039
7 0.000039
2 0.000039
6 0.000039
0 0.000039
5 0.000044
1 0.000047
4 0.000044
3 0.000047
0 0.000039
7 0.000039
2 0.000039
3 0.000039
5 0.000039
1 0.000039
4 0.000039
6 0.000039
2 0.000039
7 0.000039
0 0.000039
6 0.000039
5 0.000039
4 0.000039
1 0.000039
3 0.000039
0 0.000039
6 0.000039
2 0.000039
7 0.000039
4 0.000039
5 0.000039
1 0.000039
3 0.000039
0 0.000039
2 0.000039
6 0.000039
7 0.000039
4 0.000039
5 0.000039
1 0.000039
3 0.000039
0 0.000039
7 0.000039
6 0.000039
2 0.000039
5 0.000039
1 0.000039
3 0.000039
4 0.000039
7 0.000039
0 0.000039
6 0.000039
2 0.000039
4 0.000039
3 0.000039
5 0.000039
1 0.000039
7 0.000039
2 0.000039
0 0.000039
6 0.000039
1 0.000039
4 0.000039
3 0.000039
5 0.000039
2 0.000039
7 0.000039
6 0.000039
0 0.000039
5 0.000039
3 0.000039
4 0.000039
1 0.000039
0 0.000044
6 0.000044
2 0.000044
7 0.000045
1 0.000039
5 0.000039
4 0.000039
3 0.000039
2 0.000039
0 0.000039
7 0.000039
6 0.000039
1 0.000039
3 0.000039
4 0.000039
5 0.000039
7 0.000039
2 0.000039
6 0.000039
0 0.000039
5 0.000039
3 0.000039
4 0.000039
1 0.000039
7 0.000039
6 0.000039
2 0.000039
0 0.000039
4 0.000039
1 0.000039
3 0.000039
5 0.000039
6 0.000039
7 0.000039
0 0.000039
2 0.000039
4 0.000039
3 0.000039
1 0.000039
5 0.000039
6 0.000039
7 0.000039
2 0.000039
0 0.000039
3 0.000039
1 0.000039
5 0.000039
4 0.000039
7 0.000039
6 0.000039
0 0.000039
2 0.000039
1 0.000039
5 0.000039
3 0.000039
4 0.000039
7 0.000039
0 0.000039
2 0.000039
6 0.000039
4 0.000039
5 0.000039
3 0.000039
1 0.000039
6 0.000039
7 0.000039
0 0.000039
2 0.000039
3 0.000039
1 0.000039
4 0.000039
5 0.000039
6 0.000039
7 0.000039
0 0.000039
2 0.000039
1 0.000039
4 0.000039
5 0.000039
3 0.000039
7 0.000039
0 0.000039
2 0.000039
6 0.000039
4 0.000039
1 0.000039
3 0.000039
5 0.000039
6 0.000039
2 0.000039
7 0.000039
0 0.000039
5 0.000039
1 0.000039
4 0.000039
3 0.000039
6 0.000039
0 0.000039
2 0.000039
7 0.000039
5 0.000039
4 0.000039
1 0.000039
3 0.000039
7 0.000039
0 0.000040
6 0.000039
2 0.000039
4 0.000039
1 0.000039
5 0.000039
3 0.000039
2 0.000039
7 0.000039
0 0.000039
6 0.000039
3 0.000039
4 0.000039
1 0.000039
5 0.000039
6 0.000039
0 0.000161
6 0.000056
5 0.000051
2 0.000050
4 0.000057
7 0.000055
1 0.000055
3 0.000052
2 0.000039
5 0.000040
0 0.000039
6 0.000039
7 0.000039
4 0.000039
1 0.000039
3 0.000051
5 0.000039
2 0.000039
6 0.000039
0 0.000040
3 0.000040
1 0.000039
4 0.000040
7 0.000039
2 0.000039
6 0.000039
5 0.000039
0 0.000039
1 0.000039
3 0.000039
4 0.000039
7 0.000039
2 0.000039
6 0.000039
5 0.000039
0 0.000039
3 0.000039
1 0.000039
7 0.000039
4 0.000039
6 0.000039
0 0.000039
2 0.000039
5 0.000039
3 0.000039
1 0.000039
4 0.000039
7 0.000039
5 0.000039
6 0.000039
2 0.000039
0 0.000039
1 0.000039
4 0.000039
3 0.000039
7 0.000040
2 0.000039
6 0.000039
5 0.000039
0 0.000039
4 0.000039
3 0.000039
7 0.000039
1 0.000039
5 0.000039
2 0.000039
6 0.000039
0 0.000039
7 0.000039
4 0.000039
1 0.000039
3 0.000039
2 0.000039
0 0.000039
5 0.000039
6 0.000039
4 0.000039
7 0.000039
1 0.000039
3 0.000039
0 0.000039
5 0.000039
2 0.000039
6 0.000039
7 0.000039
3 0.000039
4 0.000040
1 0.000039
6 0.000039
5 0.000039
2 0.000039
0 0.000039
4 0.000039
3 0.000039
7 0.000039
1 0.000039
5 0.000039
0 0.000039
6 0.000039
2 0.000039
7 0.000039
3 0.000039
1 0.000039
4 0.000039
6 0.000039
0 0.000039
2 0.000039
5 0.000039
4 0.000039
1 0.000039
7 0.000039
3 0.000039
5 0.000039
0 0.000039
6 0.000039
2 0.000039
3 0.000039
4 0.000039
7 0.000039
1 0.000039
2 0.000039
5 0.000039
0 0.000039
6 0.000039
4 0.000039
3 0.000039
7 0.000039
1 0.000039
2 0.000039
0 0.000039
5 0.000039
6 0.000039
3 0.000039
7 0.000039
1 0.000039
4 0.000039
0 0.000039
6 0.000039
5 0.000039
2 0.000039
3 0.000046
1 0.000045
4 0.000047
7 0.000047
5 0.000039
6 0.000039
0 0.000039
2 0.000039
7 0.000039
1 0.000039
4 0.000039
3 0.000039
5 0.000039
6 0.000039
2 0.000039
0 0.000039
7 0.000039
3 0.000039
1 0.000039
4 0.000039
6 0.000039
2 0.000039
5 0.000039
0 0.000039
1 0.000039
3 0.000039
7 0.000039
4 0.000039
5 0.000039
6 0.000039
0 0.000039
2 0.000039
1 0.000039
7 0.000039
4 0.000039
3 0.000039
5 0.000045
0 0.000048
2 0.000046
6 0.000051
7 0.000039
3 0.000039
1 0.000039
4 0.000039
6 0.000039
5 0.000039
2 0.000039
0 0.000039
4 0.000039
1 0.000039
7 0.000039
3 0.000039
6 0.000039
0 0.000039
5 0.000039
2 0.000039
1 0.000039
7 0.000039
3 0.000039
4 0.000039
5 0.000039
6 0.000039
2 0.000039
0 0.000039
7 0.000039
3 0.000039
1 0.000039
4 0.000039
6 0.000039
5 0.000039
0 0.000039
2 0.000039
1 0.000039
3 0.000039
7 0.000039
4 0.000039
6 0.000039
5 0.000039
2 0.000039
0 0.000040
7 0.000039
1 0.000039
3 0.000039
4 0.000039
5 0.000039
0 0.000039
2 0.000039
6 0.000039
3 0.000039
4 0.000039
1 0.000039
7 0.000039
5 0.000039
2 0.000039
6 0.000039
0 0.000039
3 0.000039
1 0.000039
4 0.000039
7 0.000039
2 0.000039
6 0.000039
5 0.000039
0 0.000039
7 0.000039
4 0.000039
1 0.000039
3 0.000039
5 0.000039
2 0.000039
6 0.000039
0 0.000039
4 0.000039
1 0.000039
3 0.000039
7 0.000039
5 0.000039
2 0.000039
6 0.000039
0 0.000039
1 0.000039
3 0.000039
7 0.000039
4 0.000039
6 0.000039
5 0.000039
0 0.000039
2 0.000039
4 0.000039
3 0.000039
1 0.000039
7 0.000039
2 0.000039
6 0.000039
0 0.000039
5 0.000039
4 0.000044
1 0.000045
3 0.000039
7 0.000039
6 0.000039
2 0.000039
5 0.000039
0 0.000039
1 0.000039
3 0.000039
4 0.000039
7 0.000039
0 0.000039
2 0.000039
6 0.000039
5 0.000039
4 0.000039
7 0.000039
3 0.000039
1 0.000039
5 0.000039
6 0.000039
2 0.000039
0 0.000039
4 0.000039
1 0.000039
7 0.000039
3 0.000039
0 0.000039
2 0.000039
5 0.000039
6 0.000039
1 0.000039
7 0.000039
4 0.000039
3 0.000039
2 0.000039
6 0.000039
5 0.000039
0 0.000039
1 0.000039
7 0.000039
3 0.000039
4 0.000039
5 0.000039
0 0.000039
6 0.000039
2 0.000039
4 0.000039
1 0.000039
7 0.000039
3 0.000039
0 0.000039
6 0.000039
2 0.000039
5 0.000039
4 0.000039
7 0.000039
1 0.000039
3 0.000039
5 0.000039
0 0.000039
6 0.000039
2 0.000039
1 0.000039
3 0.000039
4 0.000039
7 0.000039
5 0.000039
0 0.000039
6 0.000039
2 0.000039
1 0.000039
3 0.000039
4 0.000039
7 0.000039
5 0.000039
6 0.000039
2 0.000039
0 0.000039
1 0.000039
3 0.000039
4 0.000039
7 0.000039
5 0.000039
0 0.000039
2 0.000039
6 0.000039
7 0.000039
3 0.000039
1 0.000039
4 0.000039
0 0.000039
2 0.000039
5 0.000039
6 0.000039
3 0.000039
4 0.000039
7 0.000039
1 0.000039
0 0.000039
5 0.000039
2 0.000039
6 0.000039
7 0.000039
1 0.000040
3 0.000039
4 0.000039
2 0.000039
6 0.000039
0 0.000039
5 0.000039
3 0.000039
7 0.000039
1 0.000039
4 0.000039
0 0.000039
6 0.000039
5 0.000039
2 0.000039
3 0.000046
7 0.000046
1 0.000047
4 0.000046
0 0.000039
5 0.000039
2 0.000039
6 0.000039
3 0.000039
1 0.000039
7 0.000039
4 0.000039
5 0.000039
0 0.000039
6 0.000039
2 0.000039
7 0.000039
3 0.000039
4 0.000039
1 0.000039
5 0.000039
0 0.000039
2 0.000039
6 0.000039
1 0.000039
4 0.000039
3 0.000039
7 0.000039
0 0.000039
5 0.000039
6 0.000039
2 0.000039
3 0.000039
7 0.000044
1 0.000039
4 0.000039
5 0.000039
2 0.000039
6 0.000039
0 0.000039
3 0.000039
1 0.000039
7 0.000039
4 0.000039
6 0.000039
2 0.000039
5 0.000039
0 0.000039
4 0.000039
1 0.000039
7 0.000039
3 0.000039
6 0.000039
5 0.000039
2 0.000039
0 0.000039
1 0.000039
4 0.000039
7 0.000039
3 0.000039
6 0.000039
5 0.000039
0 0.000039
2 0.000039
4 0.000039
3 0.000039
1 0.000039
7 0.000039
5 0.000044
0 0.000047
6 0.000051
2 0.000047
7 0.000039
1 0.000039
4 0.000039
3 0.000039
2 0.000039
6 0.000039
5 0.000039
0 0.000039
4 0.000039
3 0.000039
1 0.000039
7 0.000039
5 0.000039
2 0.000039
0 0.000039
6 0.000039
1 0.000039
7 0.000039
4 0.000039
3 0.000039
2 0.000039
5 0.000039
6 0.000039
0 0.000039
4 0.000039
1 0.000039
7 0.000039
3 0.000039
0 0.000047
2 0.000047
6 0.000045
5 0.000047
1 0.000039
4 0.000039
3 0.000039
7 0.000039
0 0.000039
5 0.000039
2 0.000039
6 0.000039
1 0.000039
7 0.000039
3 0.000039
4 0.000039
0 0.000039
2 0.000039
6 0.000039
5 0.000039
4 0.000039
3 0.000039
7 0.000039
1 0.000039
2 0.000039
6 0.000039
5 0.000039
0 0.000039
3 0.000039
4 0.000039
1 0.000039
7 0.000039
6 0.000039
5 0.000039
0 0.000039
2 0.000039
7 0.000044
1 0.000046
4 0.000046
3 0.000044
6 0.000039
5 0.000039
2 0.000039
0 0.000039
1 0.000039
4 0.000039
3 0.000039
7 0.000039
5 0.000039
0 0.000039
6 0.000039
2 0.000039
7 0.000039
4 0.000039
3 0.000039
1 0.000039
0 0.000039
5 0.000039
2 0.000039
6 0.000039
7 0.000039
4 0.000039
3 0.000039
1 0.000039
0 0.000039
2 0.000039
6 0.000039
5 0.000039
1 0.000039
3 0.000039
4 0.000039
7 0.000039
5 0.000039
0 0.000039
6 0.000039
2 0.000039
4 0.000039
3 0.000039
7 0.000039
1 0.000039
5 0.000039
0 0.000039
2 0.000039
6 0.000039
3 0.000039
7 0.000039
4 0.000039
1 0.000039
6 0.000039
5 0.000039
0 0.000039
2 0.000039
7 0.000039
3 0.000039
1 0.000039
4 0.000039
5 0.000039
6 0.000039
0 0.000039
2 0.000039
4 0.000039
7 0.000039
3 0.000039
1 0.000039
0 0.000039
6 0.000039
5 0.000039
2 0.000039
1 0.000039
4 0.000039
7 0.000039
3 0.000039
0 0.000039
2 0.000039
6 0.000039
5 0.000039
7 0.000039
3 0.000039
1 0.000039
4 0.000039
0 0.000039
2 0.000039
6 0.000039
5 0.000039
3 0.000039
7 0.000039
1 0.000039
4 0.000039
0 0.000039
5 0.000039
2 0.000039
6 0.000039
4 0.000039
3 0.000039
7 0.000039
1 0.000039
5 0.000039
2 0.000039
6 0.000039
0 0.000039
7 0.000039
1 0.000039
4 0.000039
3 0.000039
5 0.000039
6 0.000039
2 0.000039
0 0.000039
4 0.000039
1 0.000039
7 0.000039
3 0.000039
6 0.000039
5 0.000039
0 0.000039
2 0.000039
7 0.000039
3 0.000039
1 0.000039
4 0.000039
6 0.000039
5 0.000039
2 0.000039
0 0.000039
7 0.000039
4 0.000039
1 0.000039
3 0.000039
2 0.000039
5 0.000039
6 0.000039
0 0.000039
7 0.000039
4 0.000039
3 0.000039
1 0.000039
2 0.000039
6 0.000039
0 0.000039
5 0.000039
4 0.000039
1 0.000039
3 0.000039
7 0.000039
2 0.000039
5 0.000039
6 0.000039
0 0.000039
1 0.000039
7 0.000039
3 0.000039
4 0.000039
2 0.000039
5 0.000039
6 0.000039
0 0.000039
7 0.000039
3 0.000039
4 0.000039
1 0.000039
6 0.000039
0 0.000039
2 0.000039
5 0.000039
3 0.000044
4 0.000045
7 0.000046
1 0.000045
6 0.000039
0 0.000039
2 0.000039
5 0.000039
7 0.000039
3 0.000039
4 0.000039
1 0.000039
5 0.000039
6 0.000039
2 0.000039
0 0.000039
1 0.000039
7 0.000039
3 0.000039
4 0.000039
6 0.000039
5 0.000039
2 0.000039
0 0.000039
3 0.000039
1 0.000039
4 0.000039
7 0.000039
6 0.000039
0 0.000039
2 0.000039
5 0.000039
3 0.000039
7 0.000039
1 0.000039
4 0.000039
6 0.000043
5 0.000046
0 0.000044
2 0.000044
1 0.000039
4 0.000039
3 0.000039
7 0.000039
6 0.000039
0 0.000039
5 0.000039
2 0.000039
1 0.000039
4 0.000039
3 0.000039
7 0.000039
6 0.000039
5 0.000039
2 0.000039
0 0.000039
1 0.000039
7 0.000039
4 0.000039
3 0.000039
2 0.000039
6 0.000039
5 0.000039
0 0.000039
3 0.000039
7 0.000039
4 0.000039
1 0.000039
2 0.000039
5 0.000039
6 0.000039
0 0.000039
1 0.000039
3 0.000039
7 0.000039
4 0.000039
6 0.000039
2 0.000039
5 0.000039
0 0.000040
3 0.000039
4 0.000039
1 0.000039
7 0.000039
6 0.000039
0 0.000039
2 0.000039
5 0.000039
7 0.000039
4 0.000039
1 0.000039
3 0.000039
6 0.000039
5 0.000039
2 0.000039
0 0.000039
3 0.000039
7 0.000039
4 0.000039
1 0.000039
6 0.000039
2 0.000039
5 0.000039
0 0.000039
3 0.000039
1 0.000039
4 0.000039
7 0.000039
6 0.000039
0 0.000039
5 0.000039
2 0.000039
1 0.000039
7 0.000039
4 0.000039
3 0.000039
0 0.000039
2 0.000039
6 0.000039
5 0.000039
7 0.000039
3 0.000039
1 0.000039
4 0.000039
2 0.000039
5 0.000039
6 0.000039
0 0.000039
4 0.000039
3 0.000039
1 0.000039
7 0.000039
6 0.000039
2 0.000039
5 0.000039
0 0.000039
7 0.000039
3 0.000039
4 0.000039
1 0.000039
6 0.000039
5 0.000039
2 0.000039
0 0.000039
1 0.000039
4 0.000039
3 0.000039
7 0.000039
6 0.000039
2 0.000039
5 0.000039
0 0.000039
1 0.000039
3 0.000039
4 0.000039
7 0.000039
6 0.000039
0 0.000039
2 0.000039
5 0.000039
4 0.000039
1 0.000039
3 0.000039
7 0.000039
2 0.000039
6 0.000039
5 0.000039
0 0.000039
4 0.000043
7 0.000045
3 0.000044
1 0.000044
6 0.000039
5 0.000039
0 0.000039
2 0.000039
7 0.000039
3 0.000039
1 0.000039
4 0.000039
5 0.000039
6 0.000039
0 0.000039
2 0.000039
1 0.000039
4 0.000039
7 0.000039
3 0.000039
6 0.000039
5 0.000039
2 0.000039
0 0.000039
4 0.000039
7 0.000039
3 0.000039
1 0.000039
6 0.000039
5 0.000039
2 0.000039
0 0.000039
3 0.000039
7 0.000039
1 0.000039
4 0.000039
6 0.000039
5 0.000039
2 0.000039
0 0.000039
1 0.000039
4 0.000039
7 0.000039
3 0.000039
6 0.000039
2 0.000039
0 0.000039
5 0.000039
4 0.000039
1 0.000039
3 0.000039
7 0.000039
5 0.000039
2 0.000039
6 0.000039
0 0.000039
7 0.000039
1 0.000039
4 0.000039
3 0.000039
6 0.000039
2 0.000039
0 0.000039
5 0.000039
4 0.000039
1 0.000039
3 0.000039
7 0.000039
2 0.000039
6 0.000039
5 0.000039
0 0.000039
7 0.000039
4 0.000039
1 0.000039
3 0.000039
6 0.000039
5 0.000039
2 0.000039
0 0.000039
1 0.000039
3 0.000039
7 0.000039
4 0.000039
6 0.000039
2 0.000039
5 0.000039
0 0.000039
1 0.000039
4 0.000039
7 0.000039
3 0.000039
6 0.000039
5 0.000039
2 0.000039
0 0.000039
4 0.000039
7 0.000039
3 0.000039
1 0.000039
6 0.000039
5 0.000039
0 0.000039
2 0.000039
4 0.000045
3 0.000046
7 0.000046
1 0.000044
6 0.000039
2 0.000039
0 0.000039
5 0.000039
1 0.000039
7 0.000039
4 0.000039
3 0.000039
6 0.000039
2 0.000039
0 0.000039
5 0.000039
4 0.000039
7 0.000039
3 0.000039
1 0.000039
2 0.000039
6 0.000039
0 0.000039
5 0.000039
7 0.000039
3 0.000039
4 0.000039
1 0.000039
6 0.000039
2 0.000039
5 0.000039
0 0.000039
3 0.000039
7 0.000039
1 0.000039
4 0.000039
6 0.000043
0 0.000044
2 0.000044
5 0.000044
7 0.000039
4 0.000039
1 0.000039
3 0.000039
0 0.000039
2 0.000039
6 0.000039
5 0.000039
3 0.000039
4 0.000039
7 0.000039
1 0.000039
6 0.000039
2 0.000039
5 0.000039
0 0.000039
3 0.000039
1 0.000039
4 0.000039
7 0.000039
6 0.000039
5 0.000039
0 0.000039
2 0.000039
7 0.000039
4 0.000039
3 0.000039
1 0.000039
6 0.000039
0 0.000106
5 0.000065
1 0.000060
7 0.000060
4 0.000058
6 0.000054
2 0.000054
3 0.000063
1 0.000039
7 0.000039
4 0.000040
0 0.000053
6 0.000039
3 0.000039
2 0.000039
5 0.000039
1 0.000039
7 0.000039
4 0.000039
6 0.000039
0 0.000039
3 0.000039
2 0.000039
5 0.000039
4 0.000039
7 0.000039
1 0.000039
6 0.000039
0 0.000039
3 0.000039
2 0.000039
5 0.000039
1 0.000039
4 0.000039
7 0.000039
6 0.000039
2 0.000039
0 0.000039
3 0.000039
1 0.000039
4 0.000039
7 0.000039
5 0.000039
6 0.000039
2 0.000039
3 0.000039
0 0.000039
1 0.000039
4 0.000039
7 0.000039
2 0.000039
6 0.000039
5 0.000039
3 0.000039
0 0.000039
7 0.000039
4 0.000039
1 0.000039
6 0.000039
3 0.000039
2 0.000039
5 0.000039
0 0.000039
7 0.000039
3 0.000039
4 0.000039
1 0.000039
6 0.000039
2 0.000039
5 0.000039
0 0.000039
4 0.000039
1 0.000039
3 0.000039
7 0.000039
5 0.000039
2 0.000039
6 0.000039
0 0.000039
1 0.000039
3 0.000039
7 0.000039
4 0.000039
6 0.000039
5 0.000039
0 0.000039
2 0.000039
1 0.000039
3 0.000039
4 0.000039
7 0.000039
2 0.000039
6 0.000039
5 0.000039
0 0.000039
3 0.000039
1 0.000039
4 0.000039
7 0.000039
2 0.000039
5 0.000039
0 0.000039
6 0.000039
3 0.000039
4 0.000039
1 0.000039
7 0.000039
2 0.000039
6 0.000039
5 0.000039
0 0.000039
1 0.000039
7 0.000039
3 0.000039
4 0.000039
5 0.000039
2 0.000039
6 0.000039
0 0.000039
7 0.000039
1 0.000039
4 0.000039
3 0.000039
6 0.000039
5 0.000039
0 0.000039
2 0.000039
1 0.000039
4 0.000039
3 0.000039
7 0.000039
6 0.000039
5 0.000039
2 0.000039
0 0.000039
7 0.000039
3 0.000039
1 0.000039
4 0.000039
5 0.000039
0 0.000039
2 0.000048
6 0.000039
4 0.000039
1 0.000039
3 0.000039
7 0.000039
2 0.000039
6 0.000039
5 0.000039
0 0.000039
7 0.000039
1 0.000039
4 0.000039
3 0.000039
0 0.000039
6 0.000039
2 0.000039
5 0.000039
4 0.000039
1 0.000039
3 0.000039
7 0.000039
6 0.000039
2 0.000039
5 0.000039
0 0.000039
1 0.000039
4 0.000039
3 0.000039
7 0.000039
6 0.000039
2 0.000039
0 0.000039
5 0.000039
4 0.000039
1 0.000039
7 0.000039
3 0.000039
6 0.000039
0 0.000039
2 0.000039
5 0.000039
3 0.000039
7 0.000039
4 0.000039
1 0.000039
2 0.000039
6 0.000039
0 0.000039
5 0.000039
7 0.000039
4 0.000039
3 0.000039
1 0.000039
0 0.000039
5 0.000039
6 0.000039
2 0.000039
1 0.000039
3 0.000039
4 0.000039
7 0.000039
0 0.000046
5 0.000045
2 0.000047
6 0.000047
4 0.000039
1 0.000039
7 0.000039
3 0.000039
0 0.000039
2 0.000039
6 0.000039
5 0.000039
4 0.000039
7 0.000039
3 0.000039
1 0.000039
2 0.000039
6 0.000039
0 0.000039
5 0.000039
4 0.000039
7 0.000039
1 0.000039
3 0.000039
0 0.000039
5 0.000039
6 0.000039
2 0.000039
7 0.000039
3 0.000039
1 0.000039
4 0.000039
2 0.000044
6 0.000047
0 0.000044
5 0.000043
3 0.000039
1 0.000039
7 0.000039
4 0.000039
0 0.000039
5 0.000039
6 0.000039
2 0.000039
4 0.000039
1 0.000039
7 0.000039
3 0.000039
0 0.000039
6 0.000039
2 0.000039
5 0.000039
7 0.000039
4 0.000039
3 0.000039
1 0.000039
0 0.000039
2 0.000039
6 0.000039
5 0.000039
4 0.000039
7 0.000039
3 0.000039
1 0.000039
0 0.000039
2 0.000039
6 0.000039
5 0.000039
7 0.000044
1 0.000051
3 0.000046
4 0.000062
5 0.000039
0 0.000039
6 0.000039
2 0.000039
3 0.000039
7 0.000039
1 0.000039
4 0.000039
0 0.000039
6 0.000039
2 0.000039
5 0.000039
3 0.000039
1 0.000039
7 0.000039
4 0.000039
6 0.000039
0 0.000039
2 0.000039
5 0.000039
3 0.000039
4 0.000039
1 0.000039
7 0.000039
2 0.000039
0 0.000039
6 0.000039
5 0.000039
7 0.000049
1 0.000039
4 0.000039
3 0.000039
2 0.000039
5 0.000039
6 0.000039
0 0.000039
7 0.000039
1 0.000039
4 0.000039
3 0.000039
6 0.000039
5 0.000039
0 0.000039
2 0.000039
4 0.000039
7 0.000039
1 0.000039
3 0.000039
6 0.000039
5 0.000039
0 0.000039
2 0.000039
4 0.000039
7 0.000039
1 0.000039
3 0.000039
5 0.000039
2 0.000039
0 0.000039
6 0.000039
4 0.000039
7 0.000039
3 0.000039
1 0.000039
0 0.000039
5 0.000039
6 0.000039
2 0.000039
1 0.000039
7 0.000039
4 0.000039
3 0.000039
2 0.000039
6 0.000039
0 0.000039
5 0.000039
4 0.000039
1 0.000039
3 0.000039
7 0.000039
0 0.000039
5 0.000039
6 0.000039
2 0.000039
1 0.000039
3 0.000039
7 0.000039
4 0.000039
0 0.000039
6 0.000039
2 0.000039
5 0.000039
7 0.000039
3 0.000039
4 0.000039
1 0.000039
2 0.000039
5 0.000039
6 0.000039
0 0.000039
3 0.000039
7 0.000039
1 0.000039
4 0.000039
0 0.000039
2 0.000039
6 0.000039
5 0.000039
3 0.000039
1 0.000039
4 0.000039
7 0.000039
0 0.000039
5 0.000039
6 0.000039
2 0.000039
1 0.000039
3 0.000039
7 0.000039
4 0.000039
0 0.000039
2 0.000039
5 0.000039
6 0.000039
3 0.000039
7 0.000039
4 0.000039
1 0.000039
6 0.000045
5 0.000039
2 0.000039
0 0.000039
7 0.000039
4 0.000039
1 0.000039
3 0.000039
0 0.000039
2 0.000039
5 0.000039
6 0.000039
1 0.000039
7 0.000039
4 0.000039
3 0.000039
0 0.000040
6 0.000039
5 0.000039
2 0.000039
1 0.000039
4 0.000039
3 0.000039
7 0.000039
0 0.000040
5 0.000039
6 0.000039
2 0.000039
7 0.000039
3 0.000039
4 0.000039
1 0.000039
5 0.000039
6 0.000039
0 0.000039
2 0.000039
3 0.000039
1 0.000039
4 0.000039
7 0.000039
6 0.000039
5 0.000039
0 0.000039
2 0.000039
1 0.000039
7 0.000039
3 0.000039
4 0.000039
6 0.000039
5 0.000039
0 0.000039
2 0.000039
3 0.000039
1 0.000039
7 0.000039
4 0.000039
5 0.000039
6 0.000039
2 0.000039
0 0.000039
4 0.000039
3 0.000039
1 0.000039
7 0.000039
5 0.000039
6 0.000039
2 0.000039
0 0.000039
4 0.000039
3 0.000039
1 0.000039
7 0.000039
5 0.000039
2 0.000039
0 0.000039
6 0.000039
7 0.000039
3 0.000039
4 0.000039
1 0.000039
2 0.000039
6 0.000039
0 0.000039
5 0.000039
4 0.000039
1 0.000039
3 0.000039
7 0.000039
5 0.000039
6 0.000039
2 0.000039
0 0.000039
3 0.000039
7 0.000039
1 0.000039
4 0.000039
5 0.000039
2 0.000039
6 0.000039
0 0.000039
3 0.000039
1 0.000039
4 0.000039
7 0.000046
2 0.000039
5 0.000039
6 0.000039
0 0.000039
3 0.000039
4 0.000039
7 0.000039
1 0.000039
6 0.000039
5 0.000039
0 0.000039
2 0.000039
7 0.000039
3 0.000039
4 0.000039
1 0.000039
0 0.000040
2 0.000039
5 0.000039
6 0.000039
3 0.000039
1 0.000039
7 0.000039
4 0.000039
0 0.000040
6 0.000039
2 0.000039
5 0.000039
7 0.000039
1 0.000039
3 0.000039
4 0.000039
0 0.000040
5 0.000039
2 0.000039
6 0.000039
4 0.000039
1 0.000039
7 0.000039
3 0.000039
5 0.000039
2 0.000039
0 0.000039
6 0.000039
3 0.000039
1 0.000039
7 0.000039
4 0.000039
2 0.000039
5 0.000039
0 0.000039
6 0.000039
4 0.000039
7 0.000039
1 0.000039
3 0.000039
2 0.000039
5 0.000039
0 0.000039
6 0.000039
4 0.000039
1 0.000039
3 0.000039
7 0.000039
5 0.000039
2 0.000039
0 0.000040
6 0.000045
1 0.000039
4 0.000039
7 0.000039
3 0.000039
6 0.000039
5 0.000039
2 0.000039
0 0.000039
4 0.000039
1 0.000039
7 0.000039
3 0.000039
6 0.000039
5 0.000039
0 0.000039
2 0.000039
4 0.000039
1 0.000039
3 0.000039
7 0.000039
6 0.000039
5 0.000039
0 0.000039
2 0.000039
7 0.000039
3 0.000039
1 0.000039
4 0.000039
5 0.000039
2 0.000039
0 0.000039
6 0.000039
7 0.000039
3 0.000039
1 0.000039
4 0.000039
0 0.000039
5 0.000039
6 0.000039
2 0.000039
1 0.000039
7 0.000039
3 0.000039
4 0.000039
6 0.000039
5 0.000039
2 0.000039
0 0.000039
4 0.000039
7 0.000039
3 0.000039
1 0.000039
0 0.000039
5 0.000039
2 0.000039
6 0.000039
4 0.000039
7 0.000039
1 0.000039
3 0.000039
0 0.000039
6 0.000039
5 0.000039
2 0.000039
7 0.000044
1 0.000047
4 0.000044
3 0.000044
2 0.000039
6 0.000039
0 0.000039
5 0.000039
1 0.000039
7 0.000039
3 0.000039
4 0.000039
0 0.000039
6 0.000039
5 0.000039
2 0.000039
4 0.000039
1 0.000039
3 0.000039
7 0.000039
0 0.000040
5 0.000039
6 0.000039
2 0.000039
3 0.000039
1 0.000039
7 0.000039
4 0.000039
0 0.000040
5 0.000039
2 0.000039
6 0.000039
7 0.000044
4 0.000045
1 0.000046
3 0.000044
0 0.000040
5 0.000039
6 0.000039
2 0.000039
1 0.000039
3 0.000039
7 0.000039
4 0.000039
5 0.000039
0 0.000039
6 0.000039
2 0.000039
1 0.000039
3 0.000039
7 0.000039
4 0.000039
2 0.000039
5 0.000039
0 0.000039
6 0.000039
7 0.000039
4 0.000039
1 0.000039
3 0.000039
5 0.000039
0 0.000039
2 0.000039
6 0.000039
3 0.000039
4 0.000039
7 0.000039
1 0.000039
2 0.000039
5 0.000039
0 0.000039
6 0.000039
3 0.000039
4 0.000039
1 0.000039
7 0.000039
5 0.000039
6 0.000039
0 0.000039
2 0.000039
3 0.000039
4 0.000039
7 0.000039
1 0.000039
5 0.000039
6 0.000039
0 0.000039
2 0.000039
1 0.000039
3 0.000039
4 0.000039
7 0.000039
6 0.000039
5 0.000039
0 0.000039
2 0.000039
1 0.000039
7 0.000039
4 0.000039
3 0.000039
6 0.000039
5 0.000039
0 0.000039
2 0.000039
7 0.000039
3 0.000039
4 0.000039
1 0.000039
0 0.000039
2 0.000039
5 0.000039
6 0.000039
1 0.000039
4 0.000039
7 0.000039
3 0.000039
0 0.000039
6 0.000039
5 0.000039
2 0.000039
1 0.000039
4 0.000039
3 0.000039
7 0.000039
0 0.000039
5 0.000039
6 0.000039
2 0.000039
1 0.000039
4 0.000039
3 0.000039
7 0.000039
0 0.000039
2 0.000039
6 0.000039
5 0.000039
1 0.000039
7 0.000039
4 0.000039
3 0.000039
5 0.000039
2 0.000039
0 0.000039
6 0.000039
7 0.000039
1 0.000039
3 0.000039
4 0.000039
6 0.000039
5 0.000039
0 0.000039
2 0.000039
7 0.000039
1 0.000039
4 0.000039
3 0.000039
5 0.000039
6 0.000039
0 0.000039
2 0.000039
3 0.000039
7 0.000039
4 0.000039
1 0.000039
6 0.000039
5 0.000039
0 0.000039
2 0.000039
1 0.000039
3 0.000039
7 0.000039
4 0.000039
5 0.000039
6 0.000039
0 0.000039
2 0.000039
4 0.000039
1 0.000039
7 0.000039
3 0.000039
5 0.000039
2 0.000039
0 0.000039
6 0.000039
3 0.000039
1 0.000039
4 0.000039
7 0.000039
2 0.000039
0 0.000039
6 0.000039
5 0.000039
3 0.000039
4 0.000039
1 0.000039
7 0.000039
0 0.000039
2 0.000039
5 0.000039
6 0.000039
3 0.000039
1 0.000039
7 0.000039
4 0.000039
0 0.000039
2 0.000039
6 0.000039
5 0.000039
4 0.000044
7 0.000045
3 0.000044
1 0.000045
5 0.000039
6 0.000039
0 0.000039
2 0.000039
3 0.000039
1 0.000039
7 0.000039
4 0.000039
0 0.000039
2 0.000039
5 0.000039
6 0.000039
3 0.000039
7 0.000039
4 0.000039
1 0.000039
2 0.000039
5 0.000039
6 0.000039
0 0.000039
7 0.000039
1 0.000039
4 0.000039
3 0.000039
0 0.000039
6 0.000039
5 0.000039
3 0.000039
1 0.000039
4 0.000039
2 0.000039
7 0.000039
5 0.000039
7 0.000039
0 0.000039
1 0.000039
3 0.000039
2 0.000039
6 0.000039
4 0.000039
5 0.000039
0 0.000039
3 0.000039
2 0.000039
7 0.000039
1 0.000039
6 0.000039
4 0.000039
0 0.000039
5 0.000039
3 0.000039
6 0.000039
2 0.000039
4 0.000039
1 0.000039
7 0.000039
0 0.000039
5 0.000039
3 0.000039
4 0.000039
2 0.000039
6 0.000039
7 0.000039
1 0.000039
0 0.000046
5 0.000045
3 0.000039
4 0.000039
2 0.000039
1 0.000039
6 0.000039
7 0.000039
0 0.000039
4 0.000039
3 0.000039
5 0.000039
7 0.000039
6 0.000039
1 0.000039
2 0.000039
0 0.000039
3 0.000039
4 0.000039
5 0.000039
1 0.000039
7 0.000039
6 0.000039
2 0.000039
4 0.000039
0 0.000040
5 0.000039
3 0.000039
7 0.000039
1 0.000039
2 0.000039
6 0.000039
5 0.000039
0 0.000039
3 0.000044
4 0.000044
7 0.000044
1 0.000044
2 0.000039
6 0.000039
5 0.000039
0 0.000039
7 0.000039
4 0.000039
3 0.000039
1 0.000039
2 0.000039
6 0.000039
5 0.000039
0 0.000039
2 0.000039
6 0.000039
7 0.000039
4 0.000039
1 0.000039
3 0.000039
0 0.000039
5 0.000039
2 0.000039
6 0.000039
3 0.000039
1 0.000039
4 0.000039
7 0.000039
6 0.000039
0 0.000039
5 0.000039
2 0.000039
7 0.000045
4 0.000044
3 0.000044
1 0.000044
6 0.000039
5 0.000039
0 0.000039
2 0.000039
4 0.000039
1 0.000039
7 0.000039
3 0.000039
5 0.000039
6 0.000039
0 0.000039
2 0.000039
3 0.000039
1 0.000039
4 0.000039
7 0.000039
2 0.000039
5 0.000039
6 0.000039
0 0.000039
1 0.000039
7 0.000039
4 0.000039
3 0.000039
5 0.000039
2 0.000039
6 0.000039
0 0.000039
3 0.000039
1 0.000039
7 0.000039
4 0.000039
0 0.000044
2 0.000043
6 0.000044
5 0.000045
1 0.000039
3 0.000039
7 0.000039
4 0.000039
5 0.000039
2 0.000039
6 0.000039
0 0.000039
3 0.000039
1 0.000039
7 0.000039
4 0.000039
5 0.000039
6 0.000039
0 0.000039
2 0.000039
1 0.000039
3 0.000039
0 0.000171
5 0.000052
1 0.000056
6 0.000053
1 0.000039
3 0.000055
5 0.000039
4 0.000052
2 0.000049
6 0.000039
0 0.000040
1 0.000039
3 0.000039
4 0.000039
5 0.000039
2 0.000039
0 0.000039
6 0.000039
4 0.000039
3 0.000039
1 0.000039
5 0.000039
2 0.000039
0 0.000039
6 0.000039
4 0.000039
3 0.000039
1 0.000039
5 0.000039
6 0.000039
0 0.000039
2 0.000039
3 0.000039
1 0.000039
4 0.000039
2 0.000039
6 0.000039
0 0.000039
7 0.000053
3 0.000039
6 0.000039
1 0.000039
4 0.000039
2 0.000039
5 0.000039
0 0.000039
1 0.000039
6 0.000039
4 0.000039
3 0.000039
2 0.000039
7 0.000040
0 0.000039
3 0.000039
4 0.000039
6 0.000039
1 0.000039
7 0.000039
2 0.000039
0 0.000039
6 0.000039
4 0.000039
1 0.000039
3 0.000039
7 0.000039
2 0.000039
0 0.000039
4 0.000039
3 0.000039
6 0.000039
1 0.000039
7 0.000039
2 0.000039
0 0.000039
6 0.000039
1 0.000039
3 0.000039
4 0.000039
5 0.000039
0 0.000039
2 0.000039
5 0.000039
2 0.000039
6 0.000039
4 0.000039
1 0.000039
0 0.000039
3 0.000039
5 0.000039
2 0.000039
0 0.000039
4 0.000039
6 0.000039
1 0.000039
3 0.000039
7 0.000039
2 0.000039
5 0.000039
0 0.000039
3 0.000039
6 0.000039
1 0.000039
4 0.000039
5 0.000039
0 0.000040
7 0.000040
2 0.000039
3 0.000039
6 0.000039
1 0.000039
4 0.000039
2 0.000039
5 0.000039
0 0.000039
7 0.000039
4 0.000039
3 0.000039
6 0.000039
1 0.000039
5 0.000039
0 0.000039
7 0.000039
2 0.000039
6 0.000039
4 0.000039
1 0.000047
3 0.000046
5 0.000039
7 0.000039
2 0.000039
0 0.000039
4 0.000039
6 0.000039
1 0.000039
3 0.000039
5 0.000039
2 0.000039
7 0.000039
0 0.000039
4 0.000039
1 0.000039
6 0.000039
3 0.000039
2 0.000039
0 0.000039
5 0.000039
7 0.000039
3 0.000039
1 0.000039
6 0.000039
4 0.000039
5 0.000039
7 0.000039
2 0.000039
0 0.000039
4 0.000039
6 0.000039
3 0.000039
1 0.000039
7 0.000039
5 0.000039
0 0.000039
2 0.000039
4 0.000039
6 0.000039
3 0.000039
1 0.000039
2 0.000039
0 0.000039
7 0.000039
5 0.000039
6 0.000039
4 0.000039
3 0.000039
1 0.000039
2 0.000039
7 0.000039
5 0.000039
0 0.000039
6 0.000039
3 0.000039
4 0.000039
1 0.000039
2 0.000039
5 0.000039
0 0.000039
7 0.000039
6 0.000039
4 0.000039
1 0.000039
3 0.000039
0 0.000039
5 0.000039
7 0.000039
2 0.000039
4 0.000039
1 0.000039
6 0.000039
3 0.000039
5 0.000039
2 0.000039
0 0.000039
7 0.000039
4 0.000039
6 0.000039
1 0.000039
3 0.000039
7 0.000039
5 0.000039
2 0.000039
0 0.000039
4 0.000039
6 0.000039
1 0.000039
3 0.000039
5 0.000039
7 0.000039
0 0.000039
2 0.000039
6 0.000039
3 0.000039
4 0.000039
1 0.000039
5 0.000046
0 0.000049
7 0.000045
2 0.000058
4 0.000039
6 0.000039
1 0.000039
3 0.000039
0 0.000039
7 0.000039
5 0.000039
2 0.000039
4 0.000039
6 0.000039
1 0.000039
3 0.000039
2 0.000039
0 0.000040
5 0.000039
7 0.000039
1 0.000039
4 0.000039
6 0.000039
3 0.000039
0 0.000039
2 0.000039
5 0.000039
7 0.000039
1 0.000039
3 0.000039
6 0.000039
4 0.000039
0 0.000039
5 0.000039
7 0.000039
2 0.000039
6 0.000039
1 0.000039
4 0.000039
3 0.000039
7 0.000039
5 0.000039
0 0.000039
2 0.000039
4 0.000039
6 0.000039
3 0.000039
1 0.000039
5 0.000039
7 0.000039
0 0.000039
2 0.000039
6 0.000039
4 0.000039
3 0.000039
1 0.000039
2 0.000039
0 0.000039
5 0.000039
7 0.000039
4 0.000039
1 0.000039
3 0.000039
6 0.000039
7 0.000039
2 0.000039
5 0.000039
0 0.000039
6 0.000047
3 0.000046
1 0.000046
4 0.000046
7 0.000039
5 0.000039
0 0.000039
2 0.000039
3 0.000039
4 0.000039
1 0.000039
6 0.000039
5 0.000039
0 0.000039
2 0.000039
7 0.000039
6 0.000039
3 0.000039
4 0.000039
1 0.000039
5 0.000039
2 0.000039
0 0.000039
7 0.000039
4 0.000039
6 0.000039
3 0.000039
1 0.000039
0 0.000039
7 0.000039
2 0.000039
5 0.000039
6 0.000039
4 0.000039
3 0.000039
1 0.000039
5 0.000039
0 0.000039
2 0.000039
7 0.000039
4 0.000039
6 0.000039
3 0.000039
1 0.000039
7 0.000039
5 0.000039
2 0.000039
0 0.000039
6 0.000039
3 0.000039
1 0.000039
4 0.000039
2 0.000039
0 0.000039
7 0.000039
5 0.000039
6 0.000039
4 0.000039
1 0.000039
3 0.000039
5 0.000039
0 0.000040
7 0.000039
2 0.000039
1 0.000039
4 0.000039
3 0.000039
6 0.000039
5 0.000039
0 0.000039
2 0.000039
7 0.000039
1 0.000039
4 0.000039
6 0.000039
3 0.000039
2 0.000039
0 0.000039
5 0.000039
7 0.000039
1 0.000039
6 0.000039
4 0.000039
3 0.000039
0 0.000039
2 0.000039
7 0.000039
5 0.000039
6 0.000039
4 0.000039
1 0.000039
3 0.000039
0 0.000039
5 0.000039
7 0.000039
2 0.000039
4 0.000039
1 0.000039
3 0.000039
6 0.000039
5 0.000039
0 0.000043
7 0.000046
2 0.000046
4 0.000039
6 0.000039
3 0.000039
1 0.000039
0 0.000039
2 0.000039
7 0.000039
5 0.000039
6 0.000039
1 0.000039
3 0.000039
4 0.000039
0 0.000039
7 0.000039
5 0.000039
2 0.000039
6 0.000039
3 0.000039
1 0.000039
4 0.000039
2 0.000039
5 0.000039
0 0.000039
7 0.000039
1 0.000039
3 0.000039
4 0.000039
6 0.000039
2 0.000039
5 0.000039
7 0.000039
0 0.000047
6 0.000039
3 0.000039
1 0.000039
4 0.000039
2 0.000039
5 0.000039
7 0.000039
0 0.000039
1 0.000039
6 0.000039
3 0.000039
4 0.000039
5 0.000039
2 0.000039
7 0.000039
0 0.000039
4 0.000039
6 0.000039
3 0.000039
1 0.000039
2 0.000039
5 0.000039
7 0.000039
0 0.000039
1 0.000039
6 0.000039
3 0.000039
4 0.000039
7 0.000039
5 0.000039
2 0.000039
0 0.000039
1 0.000044
3 0.000046
6 0.000045
4 0.000045
5 0.000039
7 0.000039
2 0.000039
0 0.000039
6 0.000039
3 0.000039
1 0.000039
4 0.000039
7 0.000039
5 0.000039
2 0.000039
0 0.000039
1 0.000039
4 0.000039
3 0.000039
6 0.000039
7 0.000039
5 0.000039
2 0.000039
0 0.000039
6 0.000039
4 0.000039
1 0.000039
3 0.000039
7 0.000039
2 0.000039
0 0.000039
5 0.000039
1 0.000039
4 0.000039
6 0.000039
3 0.000039
7 0.000039
2 0.000039
0 0.000039
5 0.000039
3 0.000039
4 0.000039
1 0.000039
6 0.000039
7 0.000039
2 0.000039
5 0.000039
0 0.000039
4 0.000039
6 0.000039
3 0.000039
1 0.000039
7 0.000039
5 0.000039
2 0.000039
0 0.000039
1 0.000039
3 0.000039
4 0.000039
6 0.000039
7 0.000039
5 0.000039
0 0.000039
2 0.000039
1 0.000039
3 0.000039
4 0.000039
6 0.000039
7 0.000039
2 0.000039
5 0.000039
0 0.000039
4 0.000039
6 0.000039
3 0.000039
1 0.000039
7 0.000039
2 0.000039
5 0.000039
0 0.000039
4 0.000039
1 0.000039
6 0.000039
3 0.000039
7 0.000039
5 0.000039
2 0.000039
0 0.000039
4 0.000039
1 0.000039
3 0.000039
6 0.000039
7 0.000039
5 0.000039
2 0.000039
0 0.000039
1 0.000039
6 0.000039
3 0.000039
4 0.000039
0 0.000039
2 0.000039
5 0.000039
7 0.000039
1 0.000039
4 0.000039
6 0.000039
3 0.000039
2 0.000039
5 0.000039
0 0.000039
7 0.000039
3 0.000039
4 0.000039
1 0.000039
6 0.000039
7 0.000039
2 0.000039
5 0.000039
0 0.000039
6 0.000039
3 0.000039
1 0.000039
4 0.000039
7 0.000039
5 0.000039
2 0.000039
0 0.000039
4 0.000039
6 0.000039
3 0.000039
1 0.000039
7 0.000039
5 0.000039
2 0.000039
0 0.000039
1 0.000039
6 0.000039
3 0.000039
4 0.000039
5 0.000039
7 0.000039
2 0.000039
0 0.000039
3 0.000039
1 0.000039
6 0.000039
4 0.000039
7 0.000039
5 0.000039
2 0.000039
0 0.000039
6 0.000039
3 0.000039
1 0.000039
4 0.000039
0 0.000039
5 0.000039
7 0.000039
2 0.000039
6 0.000039
3 0.000039
4 0.000039
1 0.000039
2 0.000039
7 0.000039
0 0.000039
5 0.000039
1 0.000046
3 0.000039
4 0.000039
6 0.000039
7 0.000039
0 0.000039
2 0.000039
5 0.000039
6 0.000039
3 0.000039
1 0.000039
4 0.000039
7 0.000039
5 0.000039
2 0.000039
0 0.000039
6 0.000039
4 0.000039
1 0.000039
3 0.000039
2 0.000039
0 0.000039
5 0.000039
7 0.000039
6 0.000039
4 0.000039
1 0.000039
3 0.000039
7 0.000039
5 0.000039
2 0.000039
0 0.000039
6 0.000039
4 0.000039
3 0.000039
1 0.000046
7 0.000039
0 0.000040
5 0.000039
2 0.000039
6 0.000039
3 0.000039
4 0.000039
1 0.000039
0 0.000039
7 0.000039
5 0.000039
2 0.000039
6 0.000039
3 0.000039
4 0.000039
1 0.000039
7 0.000039
5 0.000039
2 0.000039
0 0.000040
4 0.000039
6 0.000039
3 0.000039
1 0.000039
7 0.000039
0 0.000039
6 0.000039
2 0.000039
5 0.000039
1 0.000039
4 0.000039
3 0.000039
5 0.000039
7 0.000039
4 0.000039
3 0.000039
2 0.000039
1 0.000039
0 0.000039
6 0.000039
7 0.000039
5 0.000039
2 0.000039
4 0.000039
6 0.000039
1 0.000039
3 0.000039
0 0.000039
5 0.000039
2 0.000039
7 0.000039
0 0.000039
4 0.000039
1 0.000039
3 0.000039
6 0.000039
0 0.000039
5 0.000039
2 0.000039
7 0.000039
6 0.000039
3 0.000039
4 0.000039
1 0.000039
7 0.000039
2 0.000039
5 0.000039
0 0.000047
6 0.000039
4 0.000039
1 0.000039
3 0.000039
7 0.000039
0 0.000039
2 0.000039
5 0.000039
4 0.000039
6 0.000039
1 0.000039
3 0.000039
7 0.000039
0 0.000039
2 0.000039
5 0.000039
1 0.000039
4 0.000039
6 0.000039
3 0.000039
5 0.000039
7 0.000039
0 0.000039
2 0.000039
3 0.000039
6 0.000039
1 0.000039
4 0.000039
7 0.000039
2 0.000039
0 0.000039
5 0.000039
3 0.000043
4 0.000039
6 0.000039
1 0.000039
0 0.000039
5 0.000039
7 0.000039
2 0.000039
6 0.000039
3 0.000039
4 0.000039
1 0.000039
5 0.000039
7 0.000039
0 0.000039
2 0.000039
6 0.000039
4 0.000039
3 0.000039
1 0.000039
5 0.000039
0 0.000039
2 0.000039
7 0.000039
4 0.000039
1 0.000039
6 0.000039
3 0.000039
7 0.000039
5 0.000039
2 0.000039
0 0.000039
6 0.000039
3 0.000039
4 0.000039
1 0.000039
7 0.000039
0 0.000039
5 0.000039
2 0.000039
4 0.000039
3 0.000039
1 0.000039
6 0.000039
5 0.000039
7 0.000039
0 0.000039
2 0.000039
6 0.000039
1 0.000039
4 0.000039
3 0.000039
7 0.000039
5 0.000039
2 0.000039
0 0.000039
3 0.000039
6 0.000039
4 0.000039
1 0.000039
2 0.000039
0 0.000039
7 0.000039
5 0.000039
4 0.000039
6 0.000039
1 0.000039
3 0.000039
0 0.000039
2 0.000039
7 0.000039
5 0.000039
4 0.000039
1 0.000039
3 0.000039
6 0.000039
2 0.000039
0 0.000040
7 0.000039
5 0.000039
4 0.000039
6 0.000039
1 0.000039
3 0.000039
5 0.000039
0 0.000040
2 0.000039
7 0.000039
6 0.000038
4 0.000039
3 0.000039
1 0.000039
0 0.000039
7 0.000039
5 0.000039
2 0.000039
1 0.000039
6 0.000039
3 0.000039
4 0.000039
5 0.000039
7 0.000039
0 0.000039
2 0.000044
6 0.000039
4 0.000039
1 0.000039
3 0.000039
5 0.000039
7 0.000039
0 0.000039
2 0.000039
4 0.000039
3 0.000039
1 0.000039
6 0.000039
5 0.000039
7 0.000039
0 0.000039
2 0.000039
3 0.000039
1 0.000039
6 0.000039
4 0.000039
7 0.000039
5 0.000039
0 0.000039
2 0.000039
3 0.000039
4 0.000039
6 0.000039
1 0.000039
7 0.000039
5 0.000039
0 0.000039
2 0.000039
3 0.000039
6 0.000039
1 0.000039
4 0.000039
7 0.000039
2 0.000039
5 0.000039
0 0.000039
3 0.000039
1 0.000039
4 0.000039
6 0.000039
2 0.000039
7 0.000039
0 0.000039
5 0.000039
6 0.000039
4 0.000039
3 0.000039
1 0.000039
0 0.000039
5 0.000039
7 0.000039
2 0.000039
1 0.000039
3 0.000039
4 0.000039
6 0.000039
0 0.000040
7 0.000039
2 0.000039
5 0.000039
4 0.000039
3 0.000043
1 0.000045
6 0.000046
0 0.000040
7 0.000039
5 0.000039
2 0.000039
3 0.000039
6 0.000039
1 0.000039
4 0.000039
0 0.000040
7 0.000039
5 0.000039
2 0.000039
1 0.000039
4 0.000039
3 0.000039
6 0.000039
5 0.000039
0 0.000039
7 0.000039
2 0.000039
4 0.000039
3 0.000039
1 0.000039
6 0.000039
5 0.000039
2 0.000039
7 0.000039
0 0.000039
4 0.000039
6 0.000039
3 0.000039
1 0.000039
7 0.000039
5 0.000039
2 0.000039
0 0.000039
3 0.000039
6 0.000039
1 0.000039
4 0.000039
7 0.000039
2 0.000039
5 0.000039
0 0.000039
4 0.000039
1 0.000039
3 0.000039
6 0.000039
7 0.000039
2 0.000039
5 0.000039
0 0.000039
3 0.000039
4 0.000039
1 0.000039
6 0.000039
2 0.000039
7 0.000039
5 0.000039
0 0.000039
6 0.000039
3 0.000039
4 0.000039
1 0.000039
2 0.000039
0 0.000039
5 0.000039
7 0.000039
3 0.000039
1 0.000039
4 0.000039
6 0.000039
5 0.000039
7 0.000039
2 0.000054
0 0.000039
3 0.000039
1 0.000039
6 0.000039
4 0.000039
7 0.000039
5 0.000039
2 0.000039
0 0.000039
1 0.000039
4 0.000039
3 0.000039
6 0.000039
7 0.000039
5 0.000039
2 0.000039
0 0.000039
1 0.000039
4 0.000039
6 0.000039
3 0.000039
7 0.000039
2 0.000039
0 0.000039
5 0.000039
3 0.000044
1 0.000044
6 0.000043
4 0.000046
5 0.000039
7 0.000039
