0 0.000049
4 0.000091
5 0.000120
1 0.000039
3 0.000126
7 0.000125
6 0.000047
2 0.000140
0 0.000109
1 0.000060
5 0.000059
3 0.000075
7 0.000026
4 0.000067
6 0.000044
2 0.000044
0 0.000090
7 0.000067
3 0.000067
1 0.000085
5 0.000085
6 0.000040
2 0.000034
4 0.000092
3 0.000074
7 0.000075
1 0.000075
5 0.000075
2 0.000047
0 0.000082
6 0.000047
4 0.000035
7 0.000098
3 0.000098
5 0.000086
1 0.000115
2 0.000052
6 0.000052
0 0.000058
4 0.000110
5 0.000067
7 0.000069
1 0.000068
3 0.000069
2 0.000047
6 0.000047
0 0.000040
4 0.000141
5 0.000080
1 0.000085
7 0.000087
3 0.000081
2 0.000042
6 0.000043
0 0.000029
4 0.000094
7 0.000068
1 0.000071
6 0.000050
3 0.000068
5 0.000069
0 0.000027
2 0.000050
3 0.000047
6 0.000058
5 0.000058
7 0.000081
1 0.000092
2 0.000031
0 0.000042
4 0.000215
7 0.000058
5 0.000065
3 0.000083
6 0.000076
1 0.000065
2 0.000033
4 0.000034
0 0.000034
1 0.000041
5 0.000079
7 0.000079
3 0.000077
6 0.000072
2 0.000051
4 0.000038
0 0.000040
3 0.000068
7 0.000068
2 0.000059
4 0.000050
5 0.000068
1 0.000069
0 0.000050
6 0.000060
7 0.000110
3 0.000115
5 0.000053
1 0.000053
2 0.000065
6 0.000033
4 0.000054
0 0.000023
5 0.000067
7 0.000084
1 0.000065
3 0.000085
6 0.000050
2 0.000051
4 0.000046
0 0.000046
3 0.000063
1 0.000074
7 0.000075
5 0.000072
2 0.000052
6 0.000053
4 0.000055
0 0.000063
3 0.000094
5 0.000097
7 0.000099
1 0.000098
2 0.000055
6 0.000055
4 0.000049
0 0.000048
5 0.000078
1 0.000079
7 0.000080
3 0.000079
6 0.000053
2 0.000053
4 0.000054
0 0.000053
7 0.000086
3 0.000058
1 0.000088
5 0.000122
2 0.000057
6 0.000058
4 0.000057
0 0.000030
7 0.000090
3 0.000097
1 0.000058
5 0.000058
6 0.000053
2 0.000054
4 0.000067
0 0.000027
1 0.000074
7 0.000082
3 0.000075
5 0.000082
2 0.000054
4 0.000058
0 0.000058
6 0.000077
7 0.000093
3 0.000100
1 0.000101
5 0.000100
6 0.000049
4 0.000049
2 0.000045
0 0.000059
1 0.000071
3 0.000092
5 0.000094
7 0.000095
6 0.000060
4 0.000062
0 0.000062
2 0.000057
7 0.000075
3 0.000088
1 0.000092
5 0.000116
6 0.000075
2 0.000075
0 0.000076
4 0.000077
1 0.000058
5 0.000060
7 0.000066
3 0.000073
2 0.000112
4 0.000113
6 0.000114
0 0.000112
5 0.000057
7 0.000059
3 0.000054
1 0.000057
0 0.000078
6 0.000083
4 0.000084
2 0.000084
1 0.000052
7 0.000057
3 0.000057
5 0.000055
2 0.000068
0 0.000079
6 0.000084
4 0.000086
1 0.000057
5 0.000057
3 0.000057
7 0.000056
0 0.000093
6 0.000096
4 0.000097
2 0.000093
5 0.000056
7 0.000041
3 0.000057
1 0.000056
0 0.000075
2 0.000077
4 0.000078
6 0.000079
1 0.000056
7 0.000054
3 0.000059
5 0.000057
6 0.000080
2 0.000081
0 0.000080
4 0.000081
5 0.000057
1 0.000053
3 0.000057
7 0.000057
2 0.000073
0 0.000078
4 0.000079
6 0.000080
3 0.000058
7 0.000036
5 0.000058
1 0.000059
6 0.000087
4 0.000090
0 0.000088
2 0.000090
5 0.000048
3 0.000058
7 0.000058
1 0.000054
0 0.000079
4 0.000082
6 0.000082
2 0.000081
1 0.000058
7 0.000053
3 0.000060
5 0.000058
0 0.000082
4 0.000086
2 0.000086
6 0.000083
1 0.000055
5 0.000055
3 0.000056
7 0.000050
6 0.000078
2 0.000080
0 0.000078
4 0.000080
7 0.000050
1 0.000055
5 0.000055
3 0.000052
0 0.000073
2 0.000075
4 0.000074
6 0.000075
5 0.000053
7 0.000052
3 0.000056
1 0.000053
0 0.000075
4 0.000076
6 0.000076
2 0.000077
7 0.000055
5 0.000059
3 0.000059
1 0.000059
0 0.000085
6 0.000100
2 0.000099
4 0.000100
5 0.000052
7 0.000056
1 0.000050
3 0.000054
2 0.000065
0 0.000073
6 0.000075
4 0.000075
7 0.000059
5 0.000059
1 0.000061
3 0.000057
6 0.000091
0 0.000091
4 0.000091
2 0.000091
5 0.000058
3 0.000057
1 0.000059
7 0.000060
2 0.000081
4 0.000082
6 0.000082
0 0.000081
7 0.000057
1 0.000059
5 0.000054
3 0.000057
0 0.000087
4 0.000089
2 0.000089
6 0.000145
3 0.000062
1 0.000064
7 0.000061
5 0.000049
6 0.000050
0 0.000097
4 0.000100
2 0.000101
5 0.000058
7 0.000060
1 0.000058
3 0.000052
2 0.000071
0 0.000090
6 0.000106
4 0.000107
3 0.000058
1 0.000057
7 0.000058
5 0.000058
6 0.000107
2 0.000110
0 0.000109
4 0.000108
1 0.000042
7 0.000048
3 0.000049
5 0.000037
6 0.000080
4 0.000080
2 0.000080
0 0.000080
3 0.000050
5 0.000055
1 0.000055
7 0.000051
6 0.000066
2 0.000067
4 0.000066
0 0.000066
5 0.000052
3 0.000055
7 0.000055
1 0.000053
0 0.000075
6 0.000079
2 0.000079
4 0.000079
5 0.000056
3 0.000059
1 0.000057
7 0.000054
4 0.000041
0 0.000087
6 0.000088
2 0.000088
7 0.000054
5 0.000055
1 0.000056
3 0.000053
0 0.000095
6 0.000108
4 0.000110
2 0.000110
3 0.000071
5 0.000070
7 0.000072
1 0.000074
4 0.000065
2 0.000073
0 0.000064
6 0.000079
5 0.000054
7 0.000056
1 0.000055
3 0.000055
6 0.000066
0 0.000074
4 0.000091
2 0.000099
7 0.000057
3 0.000058
5 0.000059
1 0.000058
4 0.000101
0 0.000107
2 0.000114
6 0.000101
7 0.000045
1 0.000028
3 0.000046
5 0.000030
6 0.000066
0 0.000067
2 0.000066
4 0.000067
5 0.000053
7 0.000054
1 0.000053
3 0.000054
0 0.000064
4 0.000068
6 0.000070
2 0.000068
5 0.000052
7 0.000057
1 0.000051
3 0.000056
0 0.000075
4 0.000087
6 0.000087
2 0.000087
7 0.000056
5 0.000057
1 0.000060
3 0.000056
6 0.000064
0 0.000079
4 0.000095
2 0.000098
1 0.000062
5 0.000055
3 0.000062
7 0.000063
0 0.000069
4 0.000101
6 0.000102
2 0.000070
1 0.000050
5 0.000051
3 0.000038
7 0.000038
0 0.000064
2 0.000071
4 0.000091
6 0.000092
7 0.000052
3 0.000051
5 0.000045
1 0.000053
0 0.000060
4 0.000071
2 0.000075
6 0.000098
5 0.000060
3 0.000057
1 0.000060
7 0.000061
6 0.000057
0 0.000066
4 0.000076
2 0.000080
5 0.000066
7 0.000071
1 0.000074
3 0.000121
2 0.000081
4 0.000097
0 0.000128
6 0.000128
7 0.000042
5 0.000049
1 0.000051
3 0.000027
0 0.000072
4 0.000073
6 0.000073
3 0.000041
5 0.000051
7 0.000040
2 0.000074
1 0.000051
0 0.000079
4 0.000086
6 0.000090
7 0.000059
5 0.000063
2 0.000031
3 0.000060
1 0.000026
4 0.000089
6 0.000090
0 0.000089
2 0.000024
5 0.000058
7 0.000058
3 0.000054
1 0.000058
2 0.000038
6 0.000087
4 0.000088
0 0.000088
1 0.000051
3 0.000056
7 0.000057
5 0.000054
0 0.000093
2 0.000107
4 0.000110
6 0.000112
5 0.000050
1 0.000050
3 0.000056
7 0.000052
0 0.000088
2 0.000092
4 0.000094
6 0.000093
5 0.000057
7 0.000038
3 0.000059
1 0.000057
0 0.000082
4 0.000085
2 0.000086
6 0.000084
5 0.000051
7 0.000057
3 0.000058
1 0.000056
0 0.000076
2 0.000077
4 0.000077
6 0.000077
1 0.000059
5 0.000059
7 0.000055
3 0.000060
2 0.000079
6 0.000081
4 0.000081
0 0.000079
7 0.000070
3 0.000056
1 0.000071
5 0.000070
6 0.000065
0 0.000077
2 0.000079
4 0.000079
5 0.000049
7 0.000053
3 0.000054
1 0.000047
6 0.000060
0 0.000088
2 0.000091
4 0.000091
1 0.000060
5 0.000057
3 0.000060
7 0.000061
4 0.000062
2 0.000093
6 0.000098
0 0.000105
1 0.000064
7 0.000051
3 0.000051
5 0.000087
4 0.000126
6 0.000104
0 0.000104
2 0.000117
1 0.000057
7 0.000065
3 0.000040
5 0.000040
0 0.000074
6 0.000077
4 0.000077
2 0.000075
5 0.000047
7 0.000053
3 0.000054
1 0.000051
0 0.000073
4 0.000074
2 0.000073
6 0.000075
3 0.000055
1 0.000058
7 0.000057
5 0.000055
6 0.000070
4 0.000082
0 0.000082
2 0.000082
5 0.000055
7 0.000057
3 0.000056
1 0.000054
0 0.000070
2 0.000079
4 0.000093
6 0.000096
3 0.000059
7 0.000060
5 0.000060
1 0.000056
0 0.000065
2 0.000110
6 0.000115
4 0.000110
1 0.000076
3 0.000107
5 0.000133
7 0.000133
0 0.000049
4 0.000077
2 0.000083
6 0.000091
1 0.000077
3 0.000082
5 0.000079
7 0.000048
0 0.000057
4 0.000037
2 0.000068
6 0.000130
5 0.000068
7 0.000053
1 0.000072
3 0.000076
4 0.000053
2 0.000055
0 0.000054
5 0.000066
7 0.000085
3 0.000088
1 0.000094
6 0.000156
2 0.000036
4 0.000046
0 0.000046
7 0.000068
5 0.000068
3 0.000068
1 0.000068
4 0.000048
2 0.000051
6 0.000057
0 0.000034
1 0.000067
7 0.000069
5 0.000067
3 0.000068
2 0.000051
4 0.000053
0 0.000053
6 0.000051
3 0.000065
5 0.000066
7 0.000065
1 0.000067
6 0.000052
4 0.000055
0 0.000054
2 0.000052
5 0.000065
3 0.000067
1 0.000066
7 0.000066
6 0.000049
4 0.000052
0 0.000052
2 0.000050
1 0.000066
7 0.000068
5 0.000066
3 0.000067
6 0.000049
4 0.000055
2 0.000050
0 0.000054
7 0.000068
3 0.000070
5 0.000068
1 0.000070
4 0.000054
6 0.000055
2 0.000057
0 0.000054
5 0.000064
3 0.000068
1 0.000081
7 0.000082
4 0.000060
6 0.000059
0 0.000060
2 0.000061
3 0.000106
7 0.000108
5 0.000106
1 0.000108
4 0.000058
2 0.000058
0 0.000057
6 0.000054
1 0.000071
7 0.000078
3 0.000085
5 0.000085
2 0.000051
6 0.000052
4 0.000053
0 0.000054
7 0.000070
1 0.000078
5 0.000083
3 0.000083
4 0.000051
2 0.000054
6 0.000056
0 0.000026
1 0.000067
3 0.000074
7 0.000081
5 0.000081
4 0.000052
2 0.000053
6 0.000058
0 0.000052
5 0.000053
7 0.000063
1 0.000078
3 0.000092
4 0.000055
0 0.000056
2 0.000056
6 0.000055
5 0.000107
7 0.000111
1 0.000113
3 0.000114
4 0.000044
2 0.000029
6 0.000029
0 0.000044
7 0.000067
1 0.000068
3 0.000069
5 0.000068
0 0.000049
6 0.000054
2 0.000055
4 0.000048
5 0.000074
7 0.000078
1 0.000079
3 0.000076
2 0.000053
4 0.000050
0 0.000054
6 0.000052
3 0.000075
7 0.000076
1 0.000075
5 0.000077
2 0.000050
4 0.000056
0 0.000052
6 0.000055
1 0.000073
7 0.000082
5 0.000081
3 0.000082
6 0.000070
4 0.000069
0 0.000072
2 0.000068
7 0.000065
5 0.000075
1 0.000084
3 0.000091
2 0.000056
0 0.000057
6 0.000057
4 0.000058
1 0.000111
5 0.000118
3 0.000117
7 0.000117
4 0.000059
2 0.000061
0 0.000060
6 0.000057
1 0.000078
3 0.000088
5 0.000092
7 0.000093
6 0.000054
4 0.000052
0 0.000057
2 0.000055
3 0.000065
1 0.000069
5 0.000097
7 0.000098
4 0.000070
2 0.000075
0 0.000070
6 0.000069
1 0.000093
3 0.000094
5 0.000116
7 0.000094
4 0.000059
6 0.000053
2 0.000062
0 0.000059
7 0.000074
5 0.000103
3 0.000105
1 0.000106
4 0.000059
6 0.000050
2 0.000063
0 0.000059
1 0.000055
3 0.000111
5 0.000114
7 0.000116
4 0.000090
6 0.000080
2 0.000103
0 0.000094
1 0.000053
5 0.000085
7 0.000113
3 0.000113
0 0.000078
4 0.000079
6 0.000072
2 0.000079
1 0.000055
3 0.000053
7 0.000059
5 0.000066
0 0.000084
2 0.000089
4 0.000116
6 0.000121
1 0.000054
5 0.000039
3 0.000053
7 0.000042
0 0.000073
2 0.000077
4 0.000074
6 0.000074
5 0.000056
3 0.000050
1 0.000057
7 0.000028
4 0.000067
6 0.000067
0 0.000066
2 0.000067
5 0.000054
3 0.000056
7 0.000056
1 0.000054
0 0.000082
4 0.000082
2 0.000083
6 0.000084
7 0.000053
1 0.000056
3 0.000054
5 0.000055
6 0.000055
4 0.000078
0 0.000078
2 0.000090
5 0.000056
3 0.000058
7 0.000060
1 0.000056
0 0.000069
4 0.000115
6 0.000117
2 0.000115
5 0.000081
7 0.000094
1 0.000107
3 0.000125
0 0.000076
4 0.000075
6 0.000086
2 0.000087
5 0.000055
7 0.000069
3 0.000034
1 0.000056
0 0.000073
2 0.000087
6 0.000087
4 0.000068
7 0.000064
3 0.000070
5 0.000070
1 0.000066
0 0.000058
4 0.000042
6 0.000061
2 0.000080
3 0.000075
1 0.000083
7 0.000075
5 0.000112
4 0.000046
0 0.000046
2 0.000036
6 0.000036
7 0.000068
5 0.000069
3 0.000067
1 0.000069
4 0.000056
6 0.000021
0 0.000056
2 0.000053
7 0.000068
3 0.000068
5 0.000067
2 0.000053
4 0.000054
0 0.000055
1 0.000068
6 0.000053
7 0.000082
3 0.000091
5 0.000091
2 0.000051
4 0.000054
0 0.000055
1 0.000055
6 0.000032
7 0.000083
3 0.000087
5 0.000097
4 0.000059
2 0.000065
0 0.000059
1 0.000051
6 0.000039
5 0.000079
3 0.000084
7 0.000083
4 0.000062
0 0.000068
2 0.000070
1 0.000063
6 0.000049
7 0.000064
3 0.000064
5 0.000065
0 0.000063
2 0.000065
4 0.000073
1 0.000058
6 0.000076
7 0.000074
3 0.000073
5 0.000075
0 0.000057
2 0.000068
4 0.000057
1 0.000056
6 0.000058
5 0.000067
7 0.000072
3 0.000073
2 0.000059
4 0.000061
0 0.000061
1 0.000061
6 0.000058
7 0.000064
5 0.000068
3 0.000064
4 0.000061
2 0.000067
0 0.000061
1 0.000050
6 0.000058
7 0.000062
3 0.000068
5 0.000072
4 0.000062
0 0.000062
2 0.000063
1 0.000060
5 0.000056
3 0.000057
7 0.000056
6 0.000057
0 0.000073
2 0.000093
4 0.000041
1 0.000062
5 0.000063
7 0.000068
3 0.000083
0 0.000061
6 0.000071
2 0.000082
1 0.000062
4 0.000048
5 0.000043
3 0.000056
7 0.000057
6 0.000043
0 0.000024
6 0.000011
2 0.000109
7 0.000115
6 0.000028
7 0.000015
2 0.000063
0 0.000077
3 0.000121
5 0.000108
4 0.000114
6 0.000051
7 0.000051
2 0.000056
0 0.000086
4 0.000027
3 0.000053
5 0.000030
1 0.000062
7 0.000101
2 0.000057
0 0.000099
5 0.000029
3 0.000051
4 0.000052
7 0.000043
1 0.000053
2 0.000055
0 0.000103
5 0.000051
4 0.000051
3 0.000052
1 0.000042
7 0.000052
2 0.000095
0 0.000092
5 0.000041
3 0.000056
4 0.000056
7 0.000034
6 0.000751
5 0.000057
2 0.000074
0 0.000086
7 0.000044
3 0.000053
4 0.000053
6 0.000032
5 0.000089
0 0.000098
2 0.000089
4 0.000058
3 0.000058
7 0.000059
6 0.000016
2 0.000072
6 0.000031
0 0.000093
4 0.000052
5 0.000072
7 0.000036
3 0.000052
2 0.000070
4 0.000057
0 0.000091
3 0.000035
6 0.000068
7 0.000022
5 0.000020
2 0.000107
4 0.000064
7 0.000066
6 0.000045
3 0.000065
0 0.000072
5 0.000023
2 0.000058
5 0.000026
6 0.000064
0 0.000048
7 0.000063
3 0.000064
4 0.000065
2 0.000083
5 0.000083
0 0.000054
4 0.000051
6 0.000057
7 0.000057
3 0.000054
2 0.000057
0 0.000083
5 0.000083
6 0.000057
4 0.000058
7 0.000059
3 0.000060
5 0.000054
2 0.000118
0 0.000118
4 0.000057
6 0.000078
7 0.000085
3 0.000086
5 0.000130
0 0.000103
2 0.000087
4 0.000052
6 0.000046
3 0.000036
7 0.000046
5 0.000052
2 0.000103
0 0.000104
4 0.000070
6 0.000082
3 0.000088
7 0.000105
5 0.000042
0 0.000094
2 0.000096
7 0.000049
6 0.000063
3 0.000065
4 0.000057
5 0.000038
0 0.000078
2 0.000081
3 0.000061
6 0.000064
7 0.000063
4 0.000062
5 0.000036
0 0.000058
2 0.000116
4 0.000068
5 0.000030
6 0.000078
3 0.000069
7 0.000067
5 0.000034
0 0.000083
2 0.000090
6 0.000057
4 0.000058
3 0.000057
7 0.000057
5 0.000073
0 0.000086
2 0.000073
3 0.000054
7 0.000054
1 0.000034
4 0.000053
2 0.000045
0 0.000119
5 0.000123
4 0.000080
7 0.000103
1 0.000105
3 0.000113
2 0.000035
0 0.000081
5 0.000090
3 0.000061
6 0.000054
4 0.000062
7 0.000061
2 0.000036
0 0.000059
5 0.000142
2 0.000028
6 0.000087
3 0.000100
4 0.000105
7 0.000100
0 0.000080
2 0.000033
5 0.000043
7 0.000060
6 0.000063
3 0.000064
4 0.000068
0 0.000058
2 0.000035
5 0.000036
4 0.000077
3 0.000088
7 0.000089
1 0.000062
5 0.000052
0 0.000056
2 0.000043
4 0.000067
1 0.000088
3 0.000092
7 0.000092
5 0.000052
0 0.000056
2 0.000054
7 0.000082
4 0.000092
1 0.000093
3 0.000093
5 0.000045
0 0.000057
2 0.000055
1 0.000068
3 0.000077
4 0.000078
7 0.000078
2 0.000051
0 0.000054
5 0.000048
3 0.000071
4 0.000074
7 0.000074
6 0.000089
5 0.000051
0 0.000054
2 0.000049
3 0.000061
6 0.000069
4 0.000068
7 0.000068
2 0.000051
0 0.000054
5 0.000053
7 0.000068
6 0.000076
3 0.000078
4 0.000077
2 0.000050
0 0.000053
5 0.000050
4 0.000067
3 0.000077
1 0.000074
7 0.000068
5 0.000050
0 0.000055
2 0.000053
7 0.000069
1 0.000082
3 0.000069
4 0.000070
2 0.000051
5 0.000053
0 0.000053
4 0.000070
1 0.000071
6 0.000077
3 0.000070
0 0.000056
2 0.000057
5 0.000057
7 0.000071
4 0.000062
1 0.000057
3 0.000078
2 0.000049
0 0.000055
5 0.000051
3 0.000037
1 0.000069
7 0.000134
4 0.000092
0 0.000056
2 0.000053
5 0.000057
4 0.000066
1 0.000090
3 0.000091
6 0.000567
5 0.000060
2 0.000053
0 0.000061
3 0.000058
4 0.000067
6 0.000031
1 0.000085
5 0.000057
0 0.000058
2 0.000057
1 0.000058
4 0.000071
6 0.000071
3 0.000112
0 0.000078
5 0.000084
2 0.000082
1 0.000050
7 0.000090
3 0.000068
4 0.000093
2 0.000069
0 0.000071
5 0.000096
7 0.000062
4 0.000045
1 0.000073
3 0.000078
0 0.000086
2 0.000099
5 0.000106
4 0.000043
7 0.000055
3 0.000036
1 0.000038
2 0.000079
0 0.000085
5 0.000087
4 0.000058
7 0.000061
3 0.000039
1 0.000023
0 0.000084
5 0.000084
2 0.000085
1 0.000048
4 0.000050
3 0.000054
7 0.000049
0 0.000081
2 0.000083
5 0.000082
1 0.000051
4 0.000055
3 0.000057
7 0.000054
2 0.000084
0 0.000085
5 0.000084
1 0.000054
4 0.000052
6 0.000050
3 0.000058
5 0.000073
0 0.000078
2 0.000078
6 0.000056
3 0.000047
4 0.000049
1 0.000039
0 0.000085
2 0.000085
5 0.000087
1 0.000056
4 0.000056
0 0.000061
5 0.000062
6 0.000058
4 0.000052
2 0.000062
1 0.000052
0 0.000068
5 0.000069
4 0.000057
1 0.000057
7 0.000055
2 0.000024
0 0.000064
5 0.000095
7 0.000060
2 0.000018
1 0.000035
4 0.000051
0 0.000069
5 0.000089
2 0.000019
4 0.000056
1 0.000057
6 0.000058
2 0.000043
0 0.000053
5 0.000067
4 0.000051
6 0.000053
1 0.000054
5 0.000096
2 0.000099
0 0.000099
4 0.000054
1 0.000055
7 0.000057
2 0.000065
0 0.000065
5 0.000065
1 0.000048
4 0.000051
6 0.000049
0 0.000061
5 0.000063
2 0.000062
6 0.000050
4 0.000051
1 0.000050
0 0.000062
2 0.000063
5 0.000062
6 0.000048
4 0.000050
1 0.000049
0 0.000058
2 0.000060
5 0.000059
1 0.000043
7 0.000050
4 0.000049
0 0.000062
5 0.000064
2 0.000065
7 0.000052
1 0.000028
4 0.000039
0 0.000063
1 0.000041
2 0.000064
4 0.000051
5 0.000063
7 0.000040
1 0.000031
0 0.000056
7 0.000028
4 0.000054
5 0.000046
2 0.000047
4 0.000060
7 0.000059
0 0.000061
1 0.000061
5 0.000032
2 0.000032
3 0.000059
2 0.000034
4 0.000064
1 0.000046
5 0.000034
0 0.000058
6 0.000044
3 0.000075
2 0.000060
4 0.000038
0 0.000049
6 0.000053
5 0.000034
1 0.000043
3 0.000094
0 0.000060
2 0.000063
4 0.000049
6 0.000060
5 0.000020
1 0.000020
3 0.000091
6 0.000463
2 0.000476
0 0.000478
5 0.000019
1 0.000019
4 0.000455
3 0.000066
7 0.000066
0 0.000061
2 0.000063
1 0.000028
5 0.000063
4 0.000030
7 0.000072
3 0.000094
0 0.000061
2 0.000062
4 0.000027
5 0.000062
1 0.000035
3 0.000071
7 0.000119
2 0.000064
5 0.000064
0 0.000061
1 0.000025
4 0.000032
7 0.000068
3 0.000091
0 0.000059
2 0.000061
4 0.000030
5 0.000061
1 0.000033
7 0.000068
3 0.000103
0 0.000060
2 0.000063
4 0.000037
5 0.000062
1 0.000030
7 0.000067
3 0.000073
0 0.000058
5 0.000060
1 0.000036
4 0.000043
2 0.000060
7 0.000079
3 0.000080
2 0.000057
5 0.000058
1 0.000036
0 0.000058
4 0.000037
3 0.000078
7 0.000083
0 0.000059
2 0.000060
5 0.000060
4 0.000045
1 0.000046
3 0.000060
0 0.000062
2 0.000065
5 0.000068
7 0.000133
1 0.000034
4 0.000043
1 0.000040
3 0.000114
6 0.000068
2 0.000062
0 0.000061
5 0.000062
4 0.000016
3 0.000043
5 0.000039
1 0.000054
4 0.000023
2 0.000063
6 0.000072
0 0.000050
3 0.000085
4 0.000032
1 0.000067
2 0.000032
0 0.000037
7 0.000050
5 0.000069
4 0.000058
1 0.000061
3 0.000058
6 0.000022
2 0.000050
0 0.000051
5 0.000050
3 0.000058
6 0.000062
1 0.000062
4 0.000060
2 0.000046
0 0.000048
5 0.000047
4 0.000063
6 0.000064
3 0.000063
1 0.000063
2 0.000038
0 0.000046
5 0.000038
3 0.000064
1 0.000065
5 0.000037
4 0.000065
6 0.000065
0 0.000048
2 0.000038
1 0.000053
4 0.000059
2 0.000042
6 0.000029
3 0.000059
0 0.000050
5 0.000042
6 0.000063
3 0.000065
5 0.000036
2 0.000035
1 0.000064
4 0.000064
0 0.000047
0 0.000030
2 0.000049
5 0.000049
1 0.000052
6 0.000072
3 0.000070
4 0.000050
0 0.000072
2 0.000073
5 0.000073
4 0.000054
6 0.000055
3 0.000054
1 0.000055
0 0.000057
5 0.000062
2 0.000064
1 0.000054
4 0.000055
3 0.000057
6 0.000054
5 0.000082
0 0.000085
2 0.000119
6 0.000062
3 0.000072
4 0.000066
1 0.000062
2 0.000120
5 0.000121
0 0.000120
6 0.000033
4 0.000044
1 0.000026
3 0.000044
2 0.000062
0 0.000063
5 0.000062
3 0.000051
1 0.000055
6 0.000054
4 0.000051
2 0.000088
0 0.000089
5 0.000089
1 0.000067
6 0.000062
3 0.000067
4 0.000065
2 0.000057
0 0.000060
5 0.000083
3 0.000049
6 0.000055
4 0.000049
1 0.000056
5 0.000073
0 0.000090
2 0.000110
6 0.000063
3 0.000074
1 0.000063
4 0.000067
5 0.000037
0 0.000045
2 0.000037
3 0.000082
1 0.000091
6 0.000093
4 0.000092
0 0.000051
5 0.000053
2 0.000053
3 0.000066
4 0.000066
7 0.000021
1 0.000067
0 0.000062
2 0.000063
5 0.000060
1 0.000061
7 0.000066
4 0.000062
5 0.000046
0 0.000050
3 0.000061
2 0.000046
7 0.000078
4 0.000080
6 0.000066
3 0.000021
0 0.000061
5 0.000063
2 0.000019
7 0.000051
1 0.000078
3 0.000044
4 0.000061
2 0.000046
0 0.000050
5 0.000047
4 0.000063
7 0.000064
1 0.000064
3 0.000064
2 0.000046
0 0.000048
5 0.000046
4 0.000066
1 0.000068
3 0.000067
7 0.000069
5 0.000042
0 0.000047
2 0.000043
3 0.000063
7 0.000063
6 0.000069
4 0.000062
5 0.000036
0 0.000046
2 0.000036
7 0.000043
1 0.000064
3 0.000056
5 0.000040
0 0.000046
4 0.000055
2 0.000040
3 0.000063
5 0.000034
6 0.000066
0 0.000048
4 0.000064
2 0.000033
1 0.000064
6 0.000056
4 0.000042
0 0.000059
3 0.000065
2 0.000043
1 0.000020
5 0.000060
7 0.000065
4 0.000083
6 0.000099
2 0.000055
3 0.000028
0 0.000065
1 0.000023
5 0.000021
7 0.000019
6 0.000078
4 0.000079
3 0.000030
1 0.000025
0 0.000056
2 0.000068
7 0.000041
5 0.000051
1 0.000056
3 0.000082
4 0.000086
6 0.000085
2 0.000052
0 0.000054
7 0.000053
5 0.000049
1 0.000064
3 0.000069
4 0.000099
6 0.000100
5 0.000070
7 0.000055
2 0.000069
0 0.000070
4 0.000074
6 0.000087
1 0.000113
3 0.000114
7 0.000040
5 0.000056
2 0.000054
0 0.000034
3 0.000055
4 0.000100
6 0.000100
1 0.000040
7 0.000057
5 0.000058
2 0.000042
0 0.000057
3 0.000096
4 0.000097
1 0.000098
6 0.000097
2 0.000058
0 0.000056
5 0.000058
7 0.000059
1 0.000081
4 0.000082
6 0.000082
3 0.000081
0 0.000054
2 0.000056
5 0.000058
7 0.000055
4 0.000067
6 0.000078
3 0.000082
1 0.000082
0 0.000053
7 0.000057
2 0.000055
5 0.000057
4 0.000065
1 0.000093
6 0.000097
3 0.000097
2 0.000046
0 0.000054
7 0.000053
5 0.000032
6 0.000079
4 0.000081
3 0.000086
1 0.000078
5 0.000055
7 0.000056
2 0.000055
0 0.000055
4 0.000094
1 0.000096
3 0.000099
6 0.000100
0 0.000049
5 0.000056
2 0.000056
7 0.000054
4 0.000087
3 0.000089
1 0.000087
6 0.000089
0 0.000050
7 0.000056
2 0.000057
5 0.000053
6 0.000076
3 0.000078
1 0.000080
4 0.000083
0 0.000057
5 0.000045
7 0.000058
2 0.000058
1 0.000081
3 0.000086
6 0.000092
4 0.000093
5 0.000059
2 0.000059
7 0.000059
0 0.000057
6 0.000066
1 0.000071
4 0.000077
3 0.000067
7 0.000046
5 0.000049
2 0.000049
0 0.000025
1 0.000079
3 0.000080
4 0.000080
6 0.000081
0 0.000044
5 0.000052
7 0.000045
2 0.000053
4 0.000073
3 0.000076
6 0.000064
1 0.000075
5 0.000050
2 0.000051
7 0.000055
0 0.000055
6 0.000079
1 0.000079
4 0.000079
3 0.000079
0 0.000024
7 0.000054
2 0.000055
5 0.000056
3 0.000073
4 0.000076
6 0.000077
1 0.000078
2 0.000050
7 0.000051
0 0.000053
5 0.000025
1 0.000079
6 0.000080
4 0.000080
3 0.000079
5 0.000046
0 0.000052
2 0.000046
7 0.000050
3 0.000060
1 0.000079
6 0.000081
4 0.000081
0 0.000056
5 0.000051
7 0.000049
2 0.000057
4 0.000067
6 0.000102
1 0.000104
3 0.000103
5 0.000057
0 0.000056
7 0.000058
2 0.000056
4 0.000088
3 0.000098
1 0.000100
6 0.000111
7 0.000059
5 0.000060
0 0.000047
2 0.000060
6 0.000102
3 0.000111
1 0.000112
4 0.000112
2 0.000066
7 0.000076
5 0.000072
0 0.000106
6 0.000081
4 0.000098
1 0.000100
3 0.000099
7 0.000058
2 0.000059
5 0.000059
0 0.000052
1 0.000100
6 0.000103
3 0.000103
4 0.000105
0 0.000047
5 0.000058
7 0.000058
2 0.000058
4 0.000091
6 0.000094
1 0.000093
3 0.000092
5 0.000052
0 0.000056
7 0.000055
2 0.000054
3 0.000071
1 0.000081
6 0.000082
4 0.000082
5 0.000066
0 0.000065
7 0.000067
2 0.000066
3 0.000080
1 0.000088
6 0.000080
4 0.000088
2 0.000055
0 0.000055
5 0.000055
7 0.000054
1 0.000066
6 0.000081
3 0.000082
4 0.000082
0 0.000054
2 0.000055
5 0.000059
7 0.000055
1 0.000087
4 0.000102
3 0.000107
6 0.000107
7 0.000058
5 0.000060
2 0.000055
0 0.000058
1 0.000060
3 0.000066
4 0.000071
6 0.000060
5 0.000052
7 0.000053
0 0.000053
2 0.000052
1 0.000069
4 0.000094
3 0.000115
6 0.000116
5 0.000062
7 0.000073
2 0.000063
0 0.000061
3 0.000075
6 0.000088
1 0.000098
4 0.000108
7 0.000052
2 0.000059
5 0.000059
0 0.000044
4 0.000054
6 0.000066
1 0.000115
3 0.000115
0 0.000100
2 0.000107
5 0.000123
7 0.000123
4 0.000050
6 0.000055
1 0.000047
3 0.000051
5 0.000066
7 0.000075
0 0.000076
2 0.000067
4 0.000057
6 0.000064
1 0.000043
3 0.000044
2 0.000073
7 0.000083
5 0.000074
0 0.000075
6 0.000057
4 0.000061
1 0.000022
3 0.000022
7 0.000063
5 0.000063
0 0.000041
2 0.000127
5 0.000050
3 0.000093
7 0.000130
6 0.000120
1 0.000120
0 0.000074
2 0.000048
5 0.000048
3 0.000048
7 0.000048
6 0.000042
1 0.000060
2 0.000113
0 0.000133
4 0.000158
7 0.000058
3 0.000061
1 0.000018
6 0.000062
4 0.000038
0 0.000107
2 0.000083
1 0.000052
7 0.000055
3 0.000054
6 0.000054
2 0.000066
5 0.000115
0 0.000081
1 0.000050
7 0.000053
3 0.000054
6 0.000050
2 0.000066
5 0.000088
0 0.000087
1 0.000058
7 0.000059
6 0.000058
3 0.000060
5 0.000055
2 0.000106
0 0.000106
6 0.000075
3 0.000083
7 0.000123
1 0.000123
5 0.000045
2 0.000077
0 0.000103
7 0.000056
6 0.000072
3 0.000079
1 0.000034
5 0.000053
2 0.000097
0 0.000100
7 0.000072
6 0.000076
3 0.000082
1 0.000032
5 0.000045
2 0.000078
0 0.000083
1 0.000066
3 0.000073
7 0.000030
6 0.000074
5 0.000051
2 0.000106
0 0.000108
7 0.000068
3 0.000071
1 0.000070
6 0.000024
5 0.000052
0 0.000096
2 0.000097
3 0.000061
6 0.000061
4 0.000068
5 0.000033
1 0.000063
0 0.000116
2 0.000144
5 0.000018
6 0.000063
3 0.000066
7 0.000060
1 0.000064
5 0.000032
0 0.000082
2 0.000087
6 0.000072
7 0.000084
3 0.000101
1 0.000102
5 0.000038
2 0.000116
4 0.000063
0 0.000117
3 0.000054
7 0.000086
1 0.000048
6 0.000086
5 0.000046
0 0.000102
4 0.000101
1 0.000067
7 0.000070
3 0.000075
6 0.000077
2 0.000165
5 0.000018
5 0.000030
2 0.000031
4 0.000084
0 0.000084
6 0.000060
7 0.000060
1 0.000060
3 0.000061
2 0.000054
4 0.000074
0 0.000074
5 0.000076
3 0.000061
6 0.000063
7 0.000063
1 0.000062
5 0.000133
2 0.000137
4 0.000133
0 0.000134
3 0.000059
7 0.000059
6 0.000060
1 0.000047
5 0.000102
2 0.000103
0 0.000103
3 0.000060
6 0.000061
7 0.000060
1 0.000015
4 0.000104
5 0.000067
2 0.000067
0 0.000066
1 0.000055
7 0.000061
3 0.000060
6 0.000055
4 0.000021
5 0.000079
0 0.000081
2 0.000082
4 0.000020
6 0.000062
3 0.000062
7 0.000066
1 0.000062
2 0.000034
5 0.000094
0 0.000094
4 0.000016
1 0.000060
7 0.000062
3 0.000055
6 0.000060
4 0.000035
0 0.000063
2 0.000075
5 0.000080
7 0.000058
6 0.000058
1 0.000058
3 0.000058
0 0.000111
5 0.000114
4 0.000112
2 0.000112
7 0.000040
1 0.000048
6 0.000051
3 0.000019
2 0.000062
4 0.000065
0 0.000065
5 0.000062
7 0.000049
1 0.000055
6 0.000056
3 0.000050
5 0.000060
4 0.000071
0 0.000072
2 0.000072
3 0.000055
7 0.000053
6 0.000053
1 0.000056
4 0.000090
2 0.000094
0 0.000091
5 0.000091
3 0.000057
1 0.000031
7 0.000056
6 0.000057
2 0.000060
0 0.000066
4 0.000074
5 0.000082
6 0.000055
3 0.000055
1 0.000055
7 0.000055
2 0.000105
5 0.000107
4 0.000107
0 0.000105
1 0.000057
6 0.000057
7 0.000053
3 0.000057
0 0.000091
5 0.000094
4 0.000092
2 0.000093
7 0.000044
1 0.000053
3 0.000047
6 0.000054
4 0.000070
2 0.000071
0 0.000069
5 0.000071
1 0.000050
7 0.000052
6 0.000051
3 0.000053
5 0.000071
0 0.000071
4 0.000072
2 0.000072
3 0.000053
6 0.000055
7 0.000055
1 0.000055
0 0.000070
2 0.000079
5 0.000082
4 0.000080
1 0.000056
7 0.000058
3 0.000054
6 0.000057
2 0.000073
4 0.000101
5 0.000105
0 0.000073
6 0.000054
7 0.000060
3 0.000056
1 0.000056
0 0.000063
5 0.000084
4 0.000088
2 0.000088
1 0.000059
6 0.000054
3 0.000059
7 0.000059
0 0.000074
5 0.000090
4 0.000103
2 0.000104
3 0.000049
1 0.000060
6 0.000055
7 0.000034
4 0.000035
2 0.000057
5 0.000094
0 0.000093
3 0.000057
1 0.000059
6 0.000058
7 0.000051
0 0.000088
4 0.000090
2 0.000089
5 0.000090
6 0.000069
1 0.000070
7 0.000071
3 0.000069
2 0.000077
5 0.000080
4 0.000082
0 0.000078
6 0.000057
1 0.000058
7 0.000057
3 0.000036
0 0.000065
5 0.000080
4 0.000083
2 0.000083
3 0.000050
1 0.000059
6 0.000058
7 0.000055
0 0.000068
2 0.000070
5 0.000081
4 0.000082
7 0.000053
6 0.000056
1 0.000056
3 0.000053
0 0.000073
5 0.000080
2 0.000108
4 0.000108
7 0.000059
1 0.000059
6 0.000062
3 0.000060
4 0.000072
0 0.000100
5 0.000106
2 0.000122
3 0.000062
1 0.000062
7 0.000062
6 0.000072
0 0.000073
4 0.000128
5 0.000129
2 0.000128
6 0.000064
1 0.000087
7 0.000090
3 0.000113
5 0.000090
0 0.000150
2 0.000093
4 0.000079
3 0.000051
1 0.000053
7 0.000052
6 0.000057
4 0.000077
0 0.000077
5 0.000078
2 0.000079
1 0.000066
3 0.000068
7 0.000071
6 0.000066
5 0.000057
2 0.000047
0 0.000084
4 0.000090
1 0.000057
7 0.000059
6 0.000058
3 0.000056
5 0.000061
0 0.000061
4 0.000066
2 0.000069
6 0.000053
1 0.000053
7 0.000054
3 0.000054
2 0.000087
5 0.000095
4 0.000089
0 0.000095
1 0.000059
6 0.000059
7 0.000059
3 0.000036
0 0.000069
5 0.000071
4 0.000070
2 0.000071
3 0.000053
1 0.000054
6 0.000055
7 0.000052
2 0.000079
5 0.000080
0 0.000080
4 0.000082
7 0.000057
3 0.000055
6 0.000057
1 0.000057
0 0.000083
4 0.000089
2 0.000091
5 0.000084
7 0.000055
6 0.000056
3 0.000056
1 0.000018
0 0.000064
2 0.000069
4 0.000071
5 0.000070
1 0.000053
3 0.000056
7 0.000056
6 0.000052
2 0.000079
0 0.000087
4 0.000089
5 0.000088
3 0.000058
6 0.000053
7 0.000058
1 0.000059
5 0.000062
2 0.000073
4 0.000096
0 0.000096
6 0.000055
1 0.000055
7 0.000056
3 0.000056
0 0.000104
5 0.000104
2 0.000109
4 0.000105
7 0.000040
6 0.000048
1 0.000049
3 0.000016
4 0.000063
2 0.000064
0 0.000063
5 0.000063
3 0.000048
6 0.000054
1 0.000054
7 0.000048
5 0.000070
2 0.000070
4 0.000071
0 0.000069
6 0.000056
3 0.000057
1 0.000058
7 0.000056
0 0.000092
2 0.000095
5 0.000093
4 0.000093
7 0.000055
6 0.000056
1 0.000056
3 0.000054
0 0.000067
4 0.000078
5 0.000083
2 0.000079
6 0.000054
1 0.000059
7 0.000056
3 0.000055
0 0.000073
4 0.000080
2 0.000083
5 0.000103
6 0.000062
7 0.000064
1 0.000063
3 0.000032
0 0.000069
5 0.000085
2 0.000098
4 0.000099
3 0.000048
7 0.000059
1 0.000060
6 0.000059
0 0.000099
2 0.000102
5 0.000102
4 0.000103
3 0.000057
1 0.000030
7 0.000057
6 0.000030
2 0.000070
5 0.000070
4 0.000071
0 0.000071
3 0.000056
7 0.000057
6 0.000055
1 0.000058
0 0.000081
2 0.000082
5 0.000086
4 0.000087
6 0.000056
1 0.000030
7 0.000058
3 0.000058
0 0.000078
4 0.000086
2 0.000088
5 0.000086
6 0.000060
7 0.000062
1 0.000060
3 0.000025
0 0.000069
4 0.000077
2 0.000079
5 0.000091
3 0.000053
1 0.000066
6 0.000074
7 0.000058
0 0.000094
2 0.000108
5 0.000108
4 0.000108
7 0.000058
6 0.000058
3 0.000059
1 0.000060
0 0.000060
4 0.000079
2 0.000082
5 0.000138
1 0.000062
3 0.000065
7 0.000064
6 0.000063
0 0.000069
5 0.000053
2 0.000095
4 0.000122
6 0.000062
1 0.000063
3 0.000082
7 0.000123
4 0.000075
0 0.000075
2 0.000099
5 0.000118
3 0.000047
1 0.000052
6 0.000055
7 0.000043
0 0.000082
5 0.000082
2 0.000084
3 0.000042
4 0.000084
6 0.000049
1 0.000051
7 0.000023
2 0.000053
4 0.000026
5 0.000070
0 0.000070
7 0.000041
6 0.000051
3 0.000042
1 0.000052
5 0.000066
4 0.000067
2 0.000066
0 0.000066
6 0.000047
3 0.000053
1 0.000048
7 0.000054
4 0.000064
5 0.000065
0 0.000064
2 0.000065
7 0.000050
1 0.000053
6 0.000055
3 0.000050
4 0.000067
2 0.000077
5 0.000080
0 0.000070
1 0.000052
3 0.000052
6 0.000053
7 0.000051
0 0.000069
2 0.000081
5 0.000084
4 0.000086
1 0.000059
6 0.000059
7 0.000055
3 0.000061
2 0.000098
5 0.000102
4 0.000105
0 0.000101
1 0.000059
7 0.000063
6 0.000054
3 0.000027
0 0.000065
5 0.000087
4 0.000089
2 0.000090
3 0.000057
1 0.000059
6 0.000056
7 0.000056
0 0.000079
2 0.000084
5 0.000088
4 0.000080
1 0.000053
6 0.000053
7 0.000053
3 0.000053
0 0.000100
2 0.000104
5 0.000104
4 0.000104
7 0.000041
1 0.000048
6 0.000050
3 0.000020
5 0.000066
4 0.000066
2 0.000066
0 0.000066
3 0.000045
6 0.000053
7 0.000045
1 0.000015
4 0.000065
0 0.000065
5 0.000066
2 0.000065
6 0.000053
7 0.000056
3 0.000056
1 0.000054
2 0.000064
5 0.000078
4 0.000093
0 0.000079
7 0.000064
1 0.000069
6 0.000068
3 0.000068
0 0.000116
4 0.000117
2 0.000117
5 0.000116
7 0.000054
1 0.000055
6 0.000054
3 0.000050
2 0.000074
0 0.000075
5 0.000075
4 0.000077
1 0.000055
7 0.000059
3 0.000055
6 0.000055
4 0.000089
0 0.000093
5 0.000094
2 0.000092
7 0.000057
1 0.000056
3 0.000059
6 0.000060
0 0.000084
4 0.000086
2 0.000086
5 0.000086
1 0.000062
6 0.000067
3 0.000070
7 0.000063
0 0.000080
4 0.000084
5 0.000084
2 0.000085
6 0.000059
1 0.000060
7 0.000053
3 0.000061
5 0.000087
4 0.000089
2 0.000089
0 0.000087
3 0.000055
1 0.000058
6 0.000049
7 0.000055
0 0.000068
2 0.000073
5 0.000080
4 0.000080
6 0.000058
3 0.000060
1 0.000059
7 0.000056
0 0.000067
2 0.000089
4 0.000097
5 0.000101
3 0.000057
1 0.000061
6 0.000060
7 0.000052
0 0.000109
5 0.000116
4 0.000116
2 0.000110
1 0.000057
6 0.000057
7 0.000038
3 0.000057
0 0.000078
5 0.000080
4 0.000083
2 0.000084
7 0.000055
3 0.000040
1 0.000057
6 0.000057
0 0.000096
5 0.000098
4 0.000099
2 0.000099
3 0.000041
7 0.000038
6 0.000034
1 0.000034
0 0.000065
4 0.000066
5 0.000065
2 0.000066
1 0.000042
3 0.000052
6 0.000042
7 0.000051
2 0.000076
5 0.000078
4 0.000084
0 0.000084
7 0.000047
1 0.000055
3 0.000054
6 0.000055
0 0.000074
5 0.000093
2 0.000092
4 0.000091
1 0.000055
3 0.000057
6 0.000029
7 0.000051
0 0.000070
2 0.000072
4 0.000072
5 0.000072
1 0.000058
3 0.000058
6 0.000057
7 0.000056
4 0.000085
5 0.000085
2 0.000088
0 0.000085
3 0.000054
1 0.000055
6 0.000055
7 0.000051
0 0.000087
5 0.000092
2 0.000094
4 0.000094
3 0.000059
7 0.000058
1 0.000059
6 0.000060
2 0.000069
0 0.000093
4 0.000095
5 0.000094
1 0.000051
3 0.000059
6 0.000044
7 0.000058
0 0.000102
5 0.000103
4 0.000104
2 0.000104
1 0.000058
3 0.000056
7 0.000061
6 0.000058
0 0.000082
5 0.000085
4 0.000086
2 0.000085
7 0.000059
6 0.000059
3 0.000055
1 0.000059
0 0.000098
4 0.000101
5 0.000101
2 0.000101
6 0.000053
3 0.000050
1 0.000045
7 0.000058
5 0.000068
0 0.000073
4 0.000085
2 0.000086
7 0.000058
1 0.000056
3 0.000059
6 0.000059
5 0.000102
0 0.000103
2 0.000103
4 0.000105
7 0.000057
3 0.000058
6 0.000059
1 0.000047
2 0.000080
0 0.000082
4 0.000088
5 0.000081
3 0.000057
6 0.000059
7 0.000058
1 0.000021
2 0.000083
5 0.000091
0 0.000083
4 0.000085
1 0.000051
7 0.000053
3 0.000053
6 0.000052
0 0.000068
2 0.000082
5 0.000081
4 0.000082
6 0.000048
3 0.000056
7 0.000054
1 0.000052
0 0.000062
2 0.000065
5 0.000090
4 0.000093
1 0.000058
7 0.000059
3 0.000061
6 0.000058
5 0.000055
0 0.000059
2 0.000055
4 0.000106
3 0.000066
1 0.000080
7 0.000086
6 0.000094
4 0.000057
5 0.000116
0 0.000128
2 0.000129
3 0.000079
6 0.000065
1 0.000066
7 0.000079
2 0.000056
0 0.000091
4 0.000116
5 0.000117
7 0.000063
3 0.000097
6 0.000114
1 0.000126
2 0.000126
5 0.000093
4 0.000092
0 0.000092
7 0.000049
3 0.000024
1 0.000028
6 0.000030
4 0.000064
5 0.000065
0 0.000064
2 0.000065
6 0.000051
7 0.000054
3 0.000055
1 0.000051
2 0.000062
0 0.000063
4 0.000076
5 0.000076
1 0.000055
7 0.000056
6 0.000055
3 0.000058
0 0.000064
4 0.000102
2 0.000102
5 0.000103
3 0.000058
1 0.000055
6 0.000060
7 0.000053
5 0.000058
2 0.000099
0 0.000121
4 0.000123
7 0.000062
6 0.000072
3 0.000063
1 0.000061
0 0.000057
4 0.000070
2 0.000078
5 0.000125
7 0.000103
6 0.000109
1 0.000108
3 0.000137
4 0.000051
2 0.000042
0 0.000051
5 0.000017
7 0.000075
6 0.000077
1 0.000075
3 0.000075
4 0.000053
0 0.000053
5 0.000054
2 0.000053
3 0.000064
7 0.000067
6 0.000071
1 0.000082
0 0.000057
5 0.000063
4 0.000057
2 0.000028
7 0.000077
3 0.000100
1 0.000100
6 0.000101
2 0.000055
4 0.000060
0 0.000055
5 0.000059
7 0.000069
6 0.000102
1 0.000104
3 0.000106
5 0.000063
4 0.000070
2 0.000063
0 0.000059
1 0.000050
3 0.000129
6 0.000127
7 0.000135
0 0.000065
2 0.000096
4 0.000108
5 0.000116
1 0.000053
3 0.000064
6 0.000093
7 0.000093
5 0.000056
4 0.000061
0 0.000060
2 0.000058
1 0.000058
3 0.000101
7 0.000119
6 0.000142
0 0.000061
5 0.000059
4 0.000056
2 0.000063
1 0.000039
6 0.000036
7 0.000041
3 0.000041
4 0.000071
0 0.000071
5 0.000072
1 0.000056
7 0.000049
2 0.000071
6 0.000057
3 0.000041
0 0.000084
4 0.000085
5 0.000085
7 0.000064
2 0.000028
1 0.000065
3 0.000020
6 0.000021
2 0.000042
4 0.000074
0 0.000074
5 0.000073
7 0.000037
0 0.000028
4 0.000092
6 0.000039
2 0.000156
3 0.000136
7 0.000051
5 0.000134
1 0.000051
2 0.000032
6 0.000035
0 0.000146
7 0.000063
3 0.000108
1 0.000074
5 0.000042
4 0.000104
2 0.000058
6 0.000044
7 0.000114
5 0.000063
3 0.000065
1 0.000063
2 0.000056
0 0.000130
6 0.000029
4 0.000052
3 0.000083
5 0.000086
7 0.000088
1 0.000079
6 0.000051
0 0.000054
2 0.000051
4 0.000102
3 0.000067
5 0.000068
7 0.000067
1 0.000067
0 0.000052
6 0.000055
2 0.000055
4 0.000125
5 0.000066
2 0.000053
0 0.000029
3 0.000067
7 0.000068
1 0.000066
6 0.000053
4 0.000131
2 0.000065
5 0.000086
3 0.000053
7 0.000054
0 0.000058
1 0.000031
6 0.000047
5 0.000056
3 0.000066
1 0.000027
7 0.000073
4 0.000109
2 0.000152
6 0.000141
0 0.000137
5 0.000069
3 0.000070
1 0.000029
7 0.000021
2 0.000044
4 0.000058
6 0.000067
0 0.000093
3 0.000068
5 0.000072
7 0.000069
1 0.000081
2 0.000041
4 0.000053
6 0.000071
0 0.000073
5 0.000063
3 0.000064
7 0.000064
1 0.000063
2 0.000050
4 0.000066
0 0.000091
6 0.000091
3 0.000067
1 0.000069
7 0.000068
5 0.000067
2 0.000048
4 0.000056
0 0.000071
6 0.000075
7 0.000067
5 0.000067
3 0.000068
1 0.000068
2 0.000039
4 0.000043
6 0.000066
0 0.000083
1 0.000068
5 0.000068
2 0.000038
3 0.000069
7 0.000069
4 0.000040
6 0.000080
0 0.000088
5 0.000068
1 0.000068
7 0.000041
3 0.000056
2 0.000050
4 0.000077
6 0.000077
0 0.000062
1 0.000079
7 0.000083
5 0.000079
3 0.000096
2 0.000055
4 0.000052
6 0.000047
0 0.000048
3 0.000071
5 0.000073
7 0.000072
1 0.000072
2 0.000076
4 0.000071
6 0.000050
0 0.000049
5 0.000069
7 0.000075
1 0.000069
3 0.000070
2 0.000050
4 0.000058
6 0.000050
0 0.000159
1 0.000067
7 0.000068
5 0.000067
3 0.000067
4 0.000032
6 0.000048
2 0.000048
0 0.000069
1 0.000064
4 0.000027
2 0.000046
5 0.000064
3 0.000065
6 0.000046
7 0.000065
4 0.000093
2 0.000060
0 0.000094
1 0.000065
3 0.000067
5 0.000065
6 0.000039
7 0.000021
0 0.000078
2 0.000082
4 0.000086
1 0.000062
6 0.000024
5 0.000062
7 0.000020
3 0.000064
0 0.000076
4 0.000077
2 0.000078
6 0.000021
7 0.000053
1 0.000061
3 0.000053
5 0.000060
6 0.000032
0 0.000082
4 0.000088
2 0.000088
5 0.000058
7 0.000059
1 0.000058
3 0.000057
6 0.000066
4 0.000070
0 0.000072
2 0.000067
1 0.000049
3 0.000050
7 0.000051
5 0.000048
0 0.000112
4 0.000082
2 0.000114
6 0.000089
1 0.000058
5 0.000053
3 0.000020
7 0.000060
0 0.000079
2 0.000081
4 0.000080
6 0.000081
7 0.000053
1 0.000056
5 0.000056
3 0.000049
0 0.000071
6 0.000078
4 0.000079
2 0.000078
3 0.000056
1 0.000057
7 0.000058
5 0.000059
0 0.000092
4 0.000094
2 0.000095
6 0.000093
5 0.000052
7 0.000055
1 0.000060
3 0.000060
2 0.000072
0 0.000083
4 0.000084
6 0.000085
7 0.000057
3 0.000056
5 0.000057
1 0.000057
6 0.000067
2 0.000092
0 0.000092
4 0.000092
5 0.000047
7 0.000054
3 0.000049
1 0.000031
2 0.000102
6 0.000105
4 0.000058
0 0.000059
3 0.000058
5 0.000062
7 0.000059
1 0.000019
6 0.000067
4 0.000069
2 0.000068
0 0.000068
5 0.000053
7 0.000052
3 0.000054
1 0.000053
6 0.000059
2 0.000072
4 0.000066
0 0.000072
5 0.000052
7 0.000054
1 0.000051
3 0.000052
0 0.000075
4 0.000077
6 0.000078
2 0.000079
1 0.000057
7 0.000056
5 0.000057
3 0.000058
0 0.000067
2 0.000089
6 0.000092
4 0.000092
7 0.000062
3 0.000060
1 0.000061
5 0.000063
0 0.000057
2 0.000083
4 0.000083
6 0.000093
7 0.000052
3 0.000052
1 0.000044
5 0.000044
0 0.000090
2 0.000109
4 0.000116
6 0.000116
7 0.000059
5 0.000043
1 0.000060
3 0.000055
0 0.000092
2 0.000097
6 0.000097
4 0.000097
7 0.000042
5 0.000048
1 0.000049
3 0.000019
2 0.000066
6 0.000066
0 0.000066
7 0.000053
5 0.000055
1 0.000055
4 0.000067
3 0.000054
2 0.000084
6 0.000087
0 0.000085
4 0.000021
7 0.000056
1 0.000054
5 0.000059
3 0.000053
0 0.000048
6 0.000072
4 0.000075
2 0.000076
1 0.000060
5 0.000061
3 0.000061
7 0.000061
0 0.000088
4 0.000117
6 0.000117
2 0.000118
3 0.000034
1 0.000049
5 0.000048
7 0.000034
2 0.000066
6 0.000101
0 0.000101
4 0.000104
3 0.000058
1 0.000054
7 0.000059
5 0.000057
0 0.000051
6 0.000112
4 0.000118
2 0.000119
1 0.000072
3 0.000091
7 0.000117
5 0.000117
0 0.000053
2 0.000109
6 0.000110
4 0.000122
7 0.000068
1 0.000065
3 0.000066
5 0.000041
0 0.000044
2 0.000063
6 0.000074
4 0.000092
3 0.000063
7 0.000063
1 0.000063
0 0.000045
5 0.000062
4 0.000023
2 0.000037
6 0.000037
3 0.000070
7 0.000080
1 0.000082
5 0.000024
0 0.000063
4 0.000032
2 0.000043
6 0.000043
1 0.000068
7 0.000069
5 0.000069
3 0.000068
2 0.000045
4 0.000053
6 0.000046
0 0.000053
1 0.000077
3 0.000086
7 0.000077
5 0.000076
0 0.000049
2 0.000055
4 0.000046
6 0.000034
3 0.000071
5 0.000072
7 0.000071
1 0.000073
0 0.000054
6 0.000056
4 0.000056
2 0.000057
3 0.000076
7 0.000080
5 0.000080
1 0.000080
2 0.000053
4 0.000055
0 0.000054
6 0.000054
7 0.000086
1 0.000090
5 0.000089
3 0.000089
6 0.000058
4 0.000058
2 0.000057
0 0.000054
1 0.000075
7 0.000080
5 0.000096
3 0.000096
4 0.000058
0 0.000052
6 0.000058
2 0.000058
7 0.000074
1 0.000084
3 0.000087
5 0.000088
6 0.000048
0 0.000050
4 0.000054
2 0.000027
1 0.000067
7 0.000067
5 0.000066
3 0.000067
6 0.000043
0 0.000050
2 0.000044
4 0.000051
5 0.000065
3 0.000066
7 0.000066
1 0.000066
0 0.000055
2 0.000057
6 0.000055
4 0.000057
7 0.000063
5 0.000079
3 0.000088
1 0.000089
0 0.000056
6 0.000056
2 0.000058
4 0.000056
3 0.000107
1 0.000110
7 0.000113
5 0.000112
2 0.000060
6 0.000054
4 0.000060
0 0.000047
7 0.000086
3 0.000090
5 0.000090
1 0.000088
0 0.000051
6 0.000052
2 0.000051
4 0.000052
5 0.000072
1 0.000073
3 0.000073
7 0.000074
4 0.000049
2 0.000051
6 0.000052
0 0.000049
3 0.000071
7 0.000072
1 0.000074
5 0.000072
4 0.000052
2 0.000056
6 0.000055
0 0.000051
3 0.000072
1 0.000075
7 0.000074
5 0.000075
0 0.000055
4 0.000053
2 0.000054
6 0.000058
1 0.000083
5 0.000085
7 0.000087
3 0.000084
4 0.000055
2 0.000057
0 0.000054
6 0.000033
7 0.000078
5 0.000082
3 0.000082
1 0.000079
4 0.000055
6 0.000055
0 0.000058
2 0.000059
1 0.000072
7 0.000081
5 0.000082
3 0.000082
4 0.000055
6 0.000059
0 0.000057
2 0.000057
3 0.000080
7 0.000106
1 0.000109
5 0.000107
2 0.000059
6 0.000060
4 0.000056
0 0.000060
5 0.000071
7 0.000077
1 0.000085
3 0.000087
4 0.000047
2 0.000060
0 0.000040
6 0.000060
5 0.000066
3 0.000088
1 0.000089
7 0.000089
6 0.000050
0 0.000057
2 0.000056
4 0.000057
5 0.000080
3 0.000100
1 0.000102
7 0.000103
0 0.000056
2 0.000059
4 0.000055
6 0.000058
7 0.000090
1 0.000112
3 0.000113
5 0.000113
6 0.000058
2 0.000054
0 0.000057
4 0.000058
5 0.000097
1 0.000102
7 0.000103
3 0.000105
0 0.000046
2 0.000043
6 0.000052
4 0.000024
3 0.000065
1 0.000066
7 0.000066
5 0.000066
0 0.000044
6 0.000053
4 0.000046
2 0.000054
7 0.000068
5 0.000068
3 0.000068
1 0.000067
2 0.000052
0 0.000053
4 0.000054
6 0.000052
1 0.000067
3 0.000069
5 0.000068
7 0.000067
4 0.000064
0 0.000066
6 0.000067
2 0.000066
1 0.000070
5 0.000072
7 0.000072
3 0.000071
6 0.000053
0 0.000053
4 0.000056
2 0.000053
7 0.000070
5 0.000075
3 0.000079
1 0.000080
4 0.000057
2 0.000055
0 0.000057
6 0.000059
3 0.000065
1 0.000071
5 0.000074
7 0.000094
2 0.000058
0 0.000059
6 0.000059
4 0.000060
7 0.000085
3 0.000112
5 0.000114
1 0.000119
0 0.000058
6 0.000059
2 0.000060
4 0.000057
5 0.000091
1 0.000110
3 0.000111
7 0.000116
4 0.000057
2 0.000062
6 0.000052
0 0.000057
3 0.000104
5 0.000105
7 0.000105
1 0.000106
4 0.000056
2 0.000060
6 0.000053
0 0.000056
1 0.000082
5 0.000084
3 0.000083
7 0.000083
4 0.000055
0 0.000056
6 0.000058
2 0.000058
7 0.000073
1 0.000075
5 0.000074
3 0.000074
6 0.000053
0 0.000056
2 0.000055
4 0.000055
1 0.000073
5 0.000074
7 0.000073
3 0.000073
4 0.000051
2 0.000057
6 0.000054
0 0.000054
3 0.000068
1 0.000087
5 0.000088
7 0.000088
0 0.000054
2 0.000059
4 0.000058
6 0.000058
7 0.000067
5 0.000076
1 0.000089
3 0.000103
0 0.000055
6 0.000056
4 0.000057
2 0.000057
1 0.000120
7 0.000121
5 0.000121
3 0.000121
2 0.000057
6 0.000057
0 0.000060
4 0.000057
3 0.000062
1 0.000083
5 0.000084
7 0.000083
4 0.000053
6 0.000055
2 0.000057
0 0.000052
5 0.000079
7 0.000090
3 0.000105
1 0.000105
2 0.000059
4 0.000062
0 0.000054
6 0.000060
3 0.000084
5 0.000089
7 0.000103
1 0.000106
4 0.000060
2 0.000061
0 0.000052
6 0.000060
7 0.000073
3 0.000108
1 0.000109
5 0.000111
0 0.000057
2 0.000058
6 0.000061
4 0.000058
3 0.000087
1 0.000102
5 0.000088
7 0.000113
4 0.000054
0 0.000055
2 0.000056
6 0.000057
5 0.000078
1 0.000104
7 0.000104
3 0.000126
0 0.000049
6 0.000042
2 0.000042
4 0.000049
3 0.000067
7 0.000095
5 0.000097
1 0.000103
4 0.000082
6 0.000086
0 0.000082
2 0.000116
3 0.000059
1 0.000055
7 0.000067
5 0.000109
0 0.000091
4 0.000094
2 0.000064
6 0.000099
1 0.000047
3 0.000054
7 0.000045
5 0.000040
2 0.000070
6 0.000072
4 0.000071
0 0.000071
1 0.000051
7 0.000053
3 0.000055
5 0.000049
4 0.000081
0 0.000081
2 0.000082
6 0.000083
7 0.000057
1 0.000058
3 0.000056
5 0.000055
0 0.000079
4 0.000093
2 0.000094
6 0.000120
5 0.000049
1 0.000064
7 0.000064
3 0.000064
0 0.000097
2 0.000098
4 0.000100
6 0.000099
7 0.000052
5 0.000047
1 0.000057
3 0.000023
0 0.000062
4 0.000063
6 0.000062
2 0.000063
7 0.000049
1 0.000054
5 0.000054
3 0.000049
0 0.000066
2 0.000078
4 0.000083
6 0.000083
5 0.000059
7 0.000061
1 0.000061
3 0.000058
0 0.000063
6 0.000108
2 0.000109
4 0.000109
7 0.000090
5 0.000093
1 0.000124
3 0.000125
0 0.000048
6 0.000072
2 0.000103
4 0.000107
1 0.000064
5 0.000067
7 0.000075
3 0.000057
0 0.000066
2 0.000050
6 0.000051
4 0.000042
3 0.000070
1 0.000071
5 0.000070
7 0.000070
0 0.000048
2 0.000055
6 0.000053
4 0.000065
1 0.000069
7 0.000070
5 0.000070
3 0.000071
0 0.000054
2 0.000058
6 0.000026
4 0.000031
5 0.000068
7 0.000068
1 0.000068
3 0.000069
4 0.000037
6 0.000056
0 0.000047
2 0.000056
3 0.000069
5 0.000070
7 0.000070
1 0.000070
6 0.000050
0 0.000053
4 0.000054
2 0.000050
3 0.000067
5 0.000067
7 0.000066
1 0.000067
6 0.000050
0 0.000053
4 0.000053
2 0.000050
5 0.000066
7 0.000066
1 0.000066
3 0.000066
2 0.000050
0 0.000052
4 0.000054
6 0.000050
7 0.000065
1 0.000067
3 0.000066
2 0.000047
0 0.000052
5 0.000066
6 0.000046
4 0.000053
7 0.000067
3 0.000068
4 0.000040
5 0.000024
6 0.000049
1 0.000069
0 0.000049
2 0.000061
5 0.000064
7 0.000066
3 0.000065
1 0.000021
6 0.000051
0 0.000056
2 0.000050
4 0.000057
1 0.000062
7 0.000080
5 0.000081
3 0.000082
0 0.000054
6 0.000057
2 0.000058
4 0.000054
1 0.000062
5 0.000068
3 0.000074
7 0.000104
2 0.000061
0 0.000069
4 0.000070
6 0.000061
3 0.000055
1 0.000062
7 0.000098
5 0.000127
2 0.000080
6 0.000090
0 0.000079
4 0.000108
1 0.000049
3 0.000054
5 0.000048
7 0.000050
0 0.000077
4 0.000086
2 0.000088
6 0.000088
1 0.000055
7 0.000030
5 0.000056
3 0.000057
0 0.000085
2 0.000087
4 0.000088
6 0.000086
7 0.000052
1 0.000057
5 0.000053
3 0.000053
0 0.000066
6 0.000073
4 0.000081
2 0.000081
5 0.000058
3 0.000060
1 0.000060
7 0.000057
0 0.000062
2 0.000073
4 0.000101
6 0.000105
5 0.000061
3 0.000062
1 0.000062
7 0.000059
0 0.000092
6 0.000095
2 0.000113
4 0.000115
3 0.000054
5 0.000056
1 0.000057
7 0.000053
0 0.000094
6 0.000099
2 0.000115
4 0.000116
3 0.000058
5 0.000058
7 0.000059
1 0.000060
0 0.000061
6 0.000109
4 0.000109
2 0.000112
5 0.000082
7 0.000101
3 0.000123
1 0.000127
0 0.000053
4 0.000048
2 0.000061
6 0.000073
7 0.000060
5 0.000068
3 0.000069
1 0.000039
0 0.000065
4 0.000055
2 0.000055
6 0.000055
3 0.000065
7 0.000066
5 0.000074
1 0.000045
0 0.000057
4 0.000045
2 0.000053
6 0.000053
1 0.000081
5 0.000097
3 0.000100
7 0.000101
2 0.000043
4 0.000038
0 0.000049
6 0.000032
7 0.000067
1 0.000069
3 0.000068
5 0.000069
2 0.000046
0 0.000051
4 0.000053
6 0.000048
5 0.000069
1 0.000072
7 0.000070
3 0.000071
6 0.000054
0 0.000054
2 0.000054
4 0.000053
3 0.000071
5 0.000072
1 0.000072
4 0.000034
7 0.000072
0 0.000022
7 0.000141
2 0.000069
3 0.000080
5 0.000075
6 0.000113
7 0.000032
2 0.000063
1 0.000084
4 0.000084
5 0.000045
3 0.000045
0 0.000110
7 0.000098
2 0.000081
3 0.000050
1 0.000025
5 0.000050
4 0.000027
0 0.000051
7 0.000084
1 0.000024
2 0.000065
3 0.000052
4 0.000035
5 0.000052
0 0.000046
1 0.000081
7 0.000082
0 0.000044
4 0.000046
3 0.000046
5 0.000039
2 0.000060
1 0.000065
7 0.000065
4 0.000051
5 0.000041
3 0.000042
0 0.000076
2 0.000019
7 0.000082
6 0.000026
3 0.000057
2 0.000036
4 0.000071
5 0.000058
0 0.000070
3 0.000074
1 0.000083
4 0.000063
5 0.000020
7 0.000074
2 0.000063
0 0.000044
1 0.000080
3 0.000090
2 0.000045
5 0.000025
0 0.000054
4 0.000063
7 0.000024
3 0.000078
5 0.000050
1 0.000104
2 0.000059
7 0.000018
4 0.000059
0 0.000076
5 0.000069
3 0.000072
1 0.000107
7 0.000019
2 0.000059
4 0.000059
6 0.000074
0 0.000079
7 0.000057
3 0.000102
1 0.000106
5 0.000102
4 0.000051
2 0.000052
6 0.000054
0 0.000042
3 0.000085
7 0.000089
5 0.000094
1 0.000097
2 0.000062
4 0.000062
0 0.000033
6 0.000034
1 0.000073
7 0.000087
3 0.000073
4 0.000068
5 0.000087
2 0.000069
0 0.000035
6 0.000037
7 0.000071
5 0.000071
1 0.000071
3 0.000071
4 0.000074
2 0.000075
0 0.000057
6 0.000057
5 0.000072
3 0.000072
0 0.000039
4 0.000059
1 0.000073
6 0.000040
2 0.000060
7 0.000072
5 0.000080
3 0.000080
1 0.000052
4 0.000070
0 0.000087
7 0.000021
2 0.000026
6 0.000109
1 0.000072
5 0.000070
2 0.000044
3 0.000073
4 0.000060
0 0.000061
7 0.000027
6 0.000107
1 0.000089
5 0.000093
4 0.000064
3 0.000030
2 0.000064
0 0.000029
7 0.000031
5 0.000079
3 0.000052
1 0.000080
6 0.000149
4 0.000059
2 0.000059
7 0.000024
0 0.000022
5 0.000078
3 0.000079
1 0.000079
2 0.000062
6 0.000073
7 0.000022
4 0.000063
0 0.000019
3 0.000085
1 0.000077
5 0.000085
7 0.000019
2 0.000063
6 0.000069
4 0.000063
0 0.000016
3 0.000086
1 0.000089
5 0.000097
6 0.000035
7 0.000058
0 0.000019
2 0.000044
4 0.000021
5 0.000086
3 0.000087
1 0.000089
7 0.000019
6 0.000080
0 0.000038
2 0.000059
4 0.000054
5 0.000082
1 0.000085
7 0.000090
3 0.000090
2 0.000050
6 0.000061
4 0.000050
0 0.000056
5 0.000087
1 0.000088
7 0.000090
3 0.000088
6 0.000052
4 0.000055
0 0.000053
2 0.000054
1 0.000102
5 0.000103
7 0.000101
3 0.000102
4 0.000051
6 0.000057
0 0.000051
2 0.000054
3 0.000081
1 0.000082
5 0.000083
7 0.000083
2 0.000055
6 0.000057
0 0.000052
4 0.000054
7 0.000069
5 0.000078
1 0.000084
3 0.000085
4 0.000055
0 0.000053
6 0.000058
2 0.000056
3 0.000070
1 0.000101
7 0.000103
5 0.000102
2 0.000057
6 0.000055
0 0.000059
4 0.000056
5 0.000106
3 0.000109
1 0.000112
7 0.000117
4 0.000054
2 0.000054
0 0.000054
6 0.000043
3 0.000095
7 0.000095
5 0.000103
1 0.000102
4 0.000056
0 0.000059
2 0.000057
6 0.000024
1 0.000072
3 0.000073
7 0.000073
5 0.000074
6 0.000049
2 0.000054
4 0.000054
0 0.000051
7 0.000070
5 0.000077
3 0.000077
1 0.000078
6 0.000054
4 0.000055
2 0.000054
0 0.000051
1 0.000071
3 0.000091
5 0.000106
7 0.000107
0 0.000065
2 0.000056
4 0.000072
6 0.000066
1 0.000089
7 0.000107
3 0.000107
5 0.000108
6 0.000061
2 0.000049
0 0.000061
4 0.000062
7 0.000081
5 0.000087
1 0.000103
3 0.000104
6 0.000057
4 0.000057
0 0.000059
2 0.000058
5 0.000060
3 0.000071
1 0.000085
7 0.000108
6 0.000058
0 0.000058
2 0.000093
4 0.000119
5 0.000115
3 0.000104
7 0.000105
1 0.000099
6 0.000061
2 0.000032
0 0.000059
4 0.000017
1 0.000065
5 0.000033
7 0.000064
3 0.000067
4 0.000041
6 0.000052
2 0.000041
0 0.000051
3 0.000064
7 0.000066
5 0.000066
1 0.000066
0 0.000051
2 0.000055
4 0.000054
6 0.000052
5 0.000076
7 0.000076
3 0.000077
1 0.000077
4 0.000053
0 0.000056
6 0.000056
2 0.000055
5 0.000068
3 0.000081
7 0.000081
1 0.000068
0 0.000056
2 0.000058
4 0.000056
6 0.000057
7 0.000061
1 0.000089
3 0.000093
5 0.000090
0 0.000059
4 0.000055
6 0.000053
2 0.000062
5 0.000055
1 0.000069
3 0.000074
7 0.000117
4 0.000107
0 0.000121
6 0.000126
2 0.000122
1 0.000045
3 0.000036
5 0.000052
7 0.000025
0 0.000067
4 0.000068
6 0.000068
2 0.000067
7 0.000046
5 0.000052
1 0.000046
3 0.000053
0 0.000078
6 0.000084
4 0.000084
2 0.000084
5 0.000054
7 0.000057
3 0.000055
1 0.000053
4 0.000089
0 0.000091
2 0.000090
6 0.000090
5 0.000056
3 0.000056
7 0.000057
1 0.000053
0 0.000076
6 0.000095
2 0.000096
4 0.000097
7 0.000046
5 0.000046
3 0.000053
1 0.000027
4 0.000058
2 0.000071
6 0.000070
0 0.000070
7 0.000054
3 0.000056
5 0.000056
1 0.000052
0 0.000083
6 0.000086
2 0.000086
4 0.000085
5 0.000065
3 0.000067
1 0.000068
7 0.000068
6 0.000077
0 0.000076
4 0.000077
2 0.000077
7 0.000039
3 0.000056
1 0.000058
5 0.000057
2 0.000050
4 0.000100
6 0.000104
0 0.000101
1 0.000062
3 0.000067
7 0.000055
5 0.000041
0 0.000050
6 0.000049
4 0.000071
2 0.000077
7 0.000053
5 0.000054
1 0.000053
3 0.000053
4 0.000077
0 0.000084
2 0.000087
6 0.000114
5 0.000050
1 0.000068
7 0.000069
3 0.000028
2 0.000082
0 0.000086
6 0.000090
4 0.000086
7 0.000058
3 0.000029
1 0.000058
5 0.000059
0 0.000065
6 0.000068
2 0.000080
4 0.000092
5 0.000055
1 0.000057
3 0.000055
7 0.000055
0 0.000069
4 0.000096
6 0.000099
2 0.000111
7 0.000077
1 0.000077
5 0.000091
3 0.000077
2 0.000044
0 0.000068
4 0.000044
6 0.000055
7 0.000085
1 0.000086
3 0.000099
5 0.000086
0 0.000055
6 0.000056
4 0.000056
2 0.000057
5 0.000078
3 0.000099
1 0.000105
7 0.000099
0 0.000039
6 0.000045
2 0.000034
4 0.000034
3 0.000065
7 0.000073
5 0.000066
1 0.000081
2 0.000053
6 0.000054
0 0.000054
4 0.000053
5 0.000075
3 0.000094
7 0.000094
1 0.000096
4 0.000055
0 0.000058
2 0.000058
6 0.000055
1 0.000048
7 0.000112
3 0.000112
5 0.000113
4 0.000090
6 0.000078
0 0.000123
2 0.000120
1 0.000050
5 0.000066
7 0.000068
3 0.000079
0 0.000061
4 0.000070
6 0.000062
2 0.000054
1 0.000053
7 0.000040
3 0.000060
5 0.000060
0 0.000064
2 0.000066
6 0.000065
4 0.000066
7 0.000041
1 0.000041
5 0.000034
3 0.000035
2 0.000076
6 0.000081
4 0.000081
0 0.000077
1 0.000063
5 0.000046
7 0.000063
3 0.000013
0 0.000063
6 0.000064
4 0.000063
3 0.000047
1 0.000052
5 0.000047
2 0.000064
7 0.000053
0 0.000067
4 0.000077
6 0.000068
2 0.000023
1 0.000060
5 0.000062
7 0.000029
3 0.000062
0 0.000073
2 0.000041
6 0.000085
4 0.000087
5 0.000051
1 0.000056
3 0.000051
7 0.000049
4 0.000077
0 0.000085
6 0.000092
2 0.000093
3 0.000057
5 0.000057
7 0.000058
1 0.000052
0 0.000084
6 0.000093
4 0.000095
2 0.000093
5 0.000059
7 0.000062
3 0.000059
1 0.000045
0 0.000068
4 0.000092
6 0.000098
2 0.000104
5 0.000062
7 0.000071
3 0.000063
1 0.000066
2 0.000051
0 0.000064
4 0.000068
6 0.000070
3 0.000115
5 0.000121
7 0.000122
1 0.000121
2 0.000057
0 0.000057
4 0.000057
6 0.000054
5 0.000066
1 0.000073
3 0.000095
7 0.000095
0 0.000057
4 0.000054
2 0.000061
6 0.000052
7 0.000067
3 0.000073
5 0.000088
1 0.000112
0 0.000087
2 0.000092
6 0.000095
4 0.000092
7 0.000043
3 0.000044
1 0.000044
5 0.000045
0 0.000062
6 0.000062
4 0.000080
2 0.000107
3 0.000061
5 0.000062
1 0.000062
7 0.000061
0 0.000071
2 0.000092
6 0.000096
4 0.000104
7 0.000040
1 0.000040
3 0.000054
5 0.000109
6 0.000058
2 0.000083
4 0.000089
0 0.000111
7 0.000070
1 0.000065
3 0.000072
5 0.000027
2 0.000067
4 0.000074
0 0.000083
6 0.000086
1 0.000057
3 0.000062
5 0.000041
7 0.000057
6 0.000072
2 0.000082
0 0.000091
4 0.000099
7 0.000055
5 0.000057
1 0.000055
3 0.000056
0 0.000084
2 0.000105
4 0.000113
6 0.000114
5 0.000060
7 0.000062
1 0.000050
3 0.000060
0 0.000062
6 0.000119
4 0.000119
2 0.000122
1 0.000087
5 0.000091
3 0.000091
7 0.000087
0 0.000065
2 0.000061
6 0.000073
4 0.000111
7 0.000069
5 0.000075
1 0.000077
3 0.000082
0 0.000056
2 0.000058
6 0.000079
4 0.000080
1 0.000063
3 0.000070
5 0.000078
7 0.000079
0 0.000052
2 0.000055
4 0.000063
6 0.000068
7 0.000063
5 0.000066
3 0.000065
1 0.000063
2 0.000051
0 0.000052
4 0.000050
6 0.000054
3 0.000075
1 0.000083
5 0.000077
7 0.000077
0 0.000048
2 0.000056
6 0.000051
4 0.000053
3 0.000063
5 0.000064
1 0.000064
7 0.000065
0 0.000054
2 0.000057
4 0.000052
6 0.000055
3 0.000063
1 0.000076
5 0.000079
7 0.000038
0 0.000061
2 0.000061
6 0.000066
4 0.000079
1 0.000063
5 0.000063
3 0.000069
7 0.000063
2 0.000052
0 0.000053
4 0.000051
6 0.000051
5 0.000062
7 0.000066
3 0.000061
1 0.000062
0 0.000048
2 0.000054
6 0.000047
4 0.000067
3 0.000065
1 0.000066
5 0.000066
7 0.000066
2 0.000053
0 0.000054
6 0.000058
4 0.000060
5 0.000066
7 0.000066
3 0.000066
1 0.000065
0 0.000053
2 0.000056
6 0.000042
4 0.000046
5 0.000100
1 0.000102
7 0.000108
3 0.000108
0 0.000060
2 0.000061
6 0.000021
4 0.000024
7 0.000078
1 0.000079
2 0.000048
0 0.000063
5 0.000080
3 0.000080
4 0.000049
6 0.000064
7 0.000074
1 0.000074
0 0.000056
2 0.000067
5 0.000041
6 0.000022
4 0.000025
3 0.000040
7 0.000075
1 0.000092
2 0.000068
3 0.000042
0 0.000074
5 0.000043
6 0.000040
4 0.000042
7 0.000080
1 0.000107
3 0.000043
5 0.000043
0 0.000069
2 0.000070
6 0.000036
4 0.000039
1 0.000054
7 0.000054
5 0.000041
3 0.000053
4 0.000047
2 0.000083
0 0.000079
6 0.000046
7 0.000048
1 0.000048
3 0.000041
5 0.000038
0 0.000066
6 0.000079
2 0.000088
4 0.000092
7 0.000057
1 0.000056
3 0.000057
5 0.000031
0 0.000083
2 0.000086
6 0.000091
4 0.000091
1 0.000058
7 0.000059
5 0.000021
3 0.000060
0 0.000072
6 0.000073
4 0.000072
2 0.000072
5 0.000053
7 0.000055
1 0.000055
3 0.000048
0 0.000078
2 0.000083
4 0.000089
6 0.000085
1 0.000058
7 0.000058
3 0.000057
5 0.000058
2 0.000068
0 0.000070
6 0.000076
4 0.000069
3 0.000043
7 0.000048
1 0.000048
5 0.000025
4 0.000068
6 0.000069
2 0.000069
0 0.000069
3 0.000043
7 0.000052
5 0.000042
1 0.000050
0 0.000070
6 0.000073
4 0.000072
2 0.000072
1 0.000051
5 0.000054
3 0.000054
7 0.000050
2 0.000075
6 0.000085
4 0.000086
0 0.000076
5 0.000070
3 0.000068
1 0.000068
7 0.000071
4 0.000067
0 0.000081
6 0.000087
2 0.000087
1 0.000055
5 0.000057
3 0.000055
7 0.000031
2 0.000061
0 0.000098
4 0.000100
6 0.000100
7 0.000058
3 0.000058
5 0.000057
1 0.000056
0 0.000051
6 0.000060
4 0.000072
2 0.000073
3 0.000057
1 0.000083
7 0.000103
5 0.000104
0 0.000049
6 0.000048
4 0.000042
2 0.000042
3 0.000122
7 0.000089
1 0.000122
5 0.000095
4 0.000052
0 0.000051
6 0.000058
2 0.000018
3 0.000065
1 0.000066
5 0.000066
7 0.000067
4 0.000042
0 0.000051
2 0.000043
6 0.000051
1 0.000064
7 0.000064
5 0.000065
3 0.000065
0 0.000056
2 0.000058
6 0.000057
4 0.000058
1 0.000071
5 0.000087
7 0.000087
3 0.000086
4 0.000049
6 0.000054
0 0.000054
2 0.000053
3 0.000069
5 0.000089
1 0.000091
7 0.000097
0 0.000068
2 0.000072
4 0.000070
6 0.000067
1 0.000052
5 0.000061
7 0.000051
3 0.000088
6 0.000059
2 0.000066
0 0.000058
4 0.000076
3 0.000060
1 0.000095
7 0.000126
5 0.000127
0 0.000064
6 0.000058
4 0.000077
2 0.000118
3 0.000066
1 0.000067
5 0.000065
7 0.000101
6 0.000059
0 0.000064
4 0.000078
2 0.000041
1 0.000092
7 0.000094
3 0.000128
5 0.000105
0 0.000067
4 0.000070
6 0.000068
2 0.000022
5 0.000068
1 0.000083
3 0.000086
7 0.000087
6 0.000057
4 0.000058
0 0.000057
2 0.000052
1 0.000100
7 0.000104
3 0.000105
5 0.000101
2 0.000060
0 0.000058
4 0.000057
6 0.000056
3 0.000078
7 0.000081
5 0.000085
1 0.000085
6 0.000049
4 0.000056
2 0.000057
0 0.000055
1 0.000077
3 0.000084
5 0.000088
7 0.000088
6 0.000057
0 0.000061
4 0.000062
2 0.000062
7 0.000084
5 0.000090
1 0.000084
3 0.000098
4 0.000054
6 0.000051
0 0.000055
2 0.000026
3 0.000072
5 0.000074
7 0.000075
1 0.000079
2 0.000049
0 0.000053
6 0.000053
4 0.000050
3 0.000065
5 0.000072
7 0.000075
1 0.000084
4 0.000052
0 0.000056
6 0.000052
2 0.000053
3 0.000065
5 0.000082
1 0.000086
7 0.000100
4 0.000058
0 0.000059
2 0.000059
6 0.000051
3 0.000076
1 0.000090
5 0.000112
7 0.000117
0 0.000041
2 0.000071
4 0.000075
6 0.000046
7 0.000084
1 0.000085
5 0.000084
3 0.000084
2 0.000034
