2 0.000064
1 0.000133
0 0.000097
3 0.000131
4 0.000131
6 0.000133
7 0.000125
2 0.000099
1 0.000143
0 0.000137
4 0.000148
6 0.000136
3 0.000148
7 0.000140
2 0.000148
1 0.000152
0 0.000138
4 0.000144
6 0.000138
3 0.000134
2 0.000131
5 0.000064
6 0.000108
3 0.000109
4 0.000110
1 0.000110
0 0.000124
2 0.000126
7 0.000156
4 0.000111
1 0.000112
6 0.000111
3 0.000111
2 0.000118
5 0.000125
0 0.000113
2 0.000108
7 0.000118
6 0.000127
3 0.000126
0 0.000116
4 0.000127
1 0.000127
0 0.000108
5 0.000108
2 0.000107
6 0.000137
4 0.000135
1 0.000137
3 0.000135
0 0.000086
7 0.000107
5 0.000103
1 0.000131
4 0.000131
6 0.000131
3 0.000130
0 0.000098
2 0.000103
5 0.000104
4 0.000128
3 0.000129
1 0.000133
6 0.000133
0 0.000093
7 0.000104
5 0.000114
4 0.000133
3 0.000134
6 0.000111
1 0.000111
5 0.000103
0 0.000096
7 0.000103
2 0.000095
3 0.000135
1 0.000130
4 0.000135
6 0.000163
7 0.000104
0 0.000098
6 0.000137
4 0.000137
1 0.000138
3 0.000137
5 0.000117
7 0.000121
0 0.000097
6 0.000136
4 0.000123
3 0.000123
1 0.000136
5 0.000142
7 0.000061
0 0.000119
1 0.000127
6 0.000128
7 0.000127
4 0.000128
0 0.000079
2 0.000094
3 0.000123
0 0.000101
6 0.000124
7 0.000126
5 0.000127
4 0.000134
3 0.000134
1 0.000124
1 0.000101
6 0.000105
3 0.000112
4 0.000112
5 0.000124
7 0.000124
0 0.000121
3 0.000106
4 0.000106
6 0.000114
1 0.000114
0 0.000108
2 0.000125
7 0.000126
1 0.000101
6 0.000102
3 0.000108
4 0.000108
0 0.000118
5 0.000126
2 0.000119
1 0.000114
6 0.000114
0 0.000105
2 0.000121
4 0.000107
7 0.000119
3 0.000107
6 0.000106
1 0.000106
0 0.000116
5 0.000121
3 0.000122
4 0.000123
7 0.000124
3 0.000090
4 0.000090
1 0.000107
6 0.000107
0 0.000124
2 0.000124
5 0.000126
1 0.000093
3 0.000107
4 0.000107
6 0.000093
0 0.000119
7 0.000126
2 0.000120
4 0.000107
1 0.000108
6 0.000107
3 0.000108
7 0.000120
2 0.000122
0 0.000120
6 0.000111
4 0.000110
1 0.000111
3 0.000111
5 0.000120
0 0.000113
7 0.000128
6 0.000110
3 0.000110
1 0.000110
0 0.000110
4 0.000110
2 0.000336
5 0.000122
1 0.000110
6 0.000110
3 0.000099
4 0.000093
0 0.000120
7 0.000118
2 0.000126
3 0.000100
6 0.000107
4 0.000100
1 0.000107
0 0.000108
5 0.000126
7 0.000116
3 0.000526
4 0.000526
7 0.000520
5 0.000520
1 0.000525
6 0.000525
0 0.000516
7 0.000116
5 0.000116
4 0.000125
0 0.000116
3 0.000125
1 0.000127
6 0.000127
0 0.000098
2 0.000116
5 0.000106
3 0.000113
4 0.000113
6 0.000118
1 0.000118
0 0.000107
3 0.000112
2 0.000118
1 0.000108
7 0.000106
6 0.000108
4 0.000112
1 0.000124
6 0.000119
0 0.000134
3 0.000134
2 0.000144
4 0.000151
5 0.000118
3 0.000113
6 0.000117
0 0.000123
7 0.000142
1 0.000117
4 0.000109
5 0.000102
7 0.000106
2 0.000102
3 0.000129
1 0.000131
0 0.000133
6 0.000131
4 0.000129
0 0.000080
5 0.000097
7 0.000099
1 0.000128
4 0.000132
6 0.000130
3 0.000130
0 0.000096
2 0.000099
5 0.000096
1 0.000132
6 0.000132
4 0.000131
3 0.000131
0 0.000113
7 0.000103
2 0.000100
4 0.000098
3 0.000108
6 0.000127
1 0.000127
0 0.000107
5 0.000105
2 0.000106
3 0.000131
4 0.000134
1 0.000117
6 0.000118
0 0.000105
7 0.000107
5 0.000105
3 0.000133
6 0.000122
1 0.000121
4 0.000133
0 0.000101
2 0.000107
7 0.000101
6 0.000130
3 0.000130
1 0.000131
4 0.000126
0 0.000106
5 0.000101
2 0.000106
6 0.000130
1 0.000135
3 0.000131
4 0.000130
0 0.000107
7 0.000109
5 0.000107
6 0.000132
3 0.000118
1 0.000132
4 0.000118
0 0.000101
2 0.000107
7 0.000102
3 0.000130
1 0.000132
4 0.000135
6 0.000129
0 0.000084
5 0.000102
7 0.000103
1 0.000129
6 0.000135
4 0.000129
3 0.000131
2 0.000088
0 0.000108
7 0.000109
6 0.000137
4 0.000122
3 0.000122
1 0.000138
0 0.000108
5 0.000356
2 0.000108
6 0.000134
1 0.000117
4 0.000123
3 0.000123
0 0.000105
7 0.000111
5 0.000106
3 0.000106
6 0.000129
4 0.000106
1 0.000129
5 0.000103
7 0.000103
0 0.000105
4 0.000132
1 0.000119
3 0.000132
6 0.000119
5 0.000102
7 0.000102
0 0.000090
3 0.000124
6 0.000131
4 0.000124
1 0.000129
2 0.000106
0 0.000104
7 0.000102
4 0.000133
3 0.000134
6 0.000136
1 0.000134
5 0.000123
0 0.000092
7 0.000110
6 0.000118
1 0.000118
3 0.000127
4 0.000127
5 0.000139
0 0.000118
7 0.000126
6 0.000127
1 0.000127
4 0.000118
3 0.000105
5 0.000159
0 0.000112
7 0.000112
1 0.000130
4 0.000123
5 0.000158
3 0.000124
6 0.000130
2 0.000060
7 0.000111
0 0.000128
1 0.000140
4 0.000130
3 0.000134
5 0.000174
6 0.000165
0 0.000118
7 0.000128
5 0.000097
2 0.000121
4 0.000136
6 0.000131
1 0.000149
3 0.000136
0 0.000114
2 0.000109
7 0.000109
5 0.000109
3 0.000131
4 0.000132
1 0.000136
6 0.000136
5 0.000110
7 0.000110
2 0.000111
0 0.000111
4 0.000131
6 0.000132
1 0.000129
3 0.000131
0 0.000118
7 0.000118
5 0.000118
2 0.000118
6 0.000141
4 0.000140
1 0.000141
3 0.000137
0 0.000116
2 0.000119
5 0.000116
7 0.000116
4 0.000118
3 0.000116
1 0.000115
6 0.000140
5 0.000116
0 0.000111
2 0.000118
7 0.000116
6 0.000115
1 0.000115
3 0.000132
4 0.000133
7 0.000117
0 0.000119
5 0.000117
2 0.000118
6 0.000132
4 0.000115
1 0.000132
3 0.000115
7 0.000111
5 0.000111
2 0.000111
0 0.000111
1 0.000134
4 0.000137
6 0.000134
3 0.000137
5 0.000111
7 0.000111
2 0.000099
0 0.000099
4 0.000128
6 0.000133
1 0.000133
3 0.000129
5 0.000112
7 0.000112
0 0.000099
2 0.000099
6 0.000133
1 0.000134
4 0.000135
3 0.000135
5 0.000106
2 0.000113
7 0.000116
0 0.000113
3 0.000122
1 0.000136
6 0.000136
4 0.000123
7 0.000118
2 0.000117
0 0.000118
5 0.000117
6 0.000126
4 0.000127
3 0.000138
1 0.000126
2 0.000112
7 0.000111
5 0.000113
0 0.000113
6 0.000133
4 0.000126
1 0.000133
3 0.000127
7 0.000117
5 0.000118
2 0.000118
0 0.000117
4 0.000118
1 0.000127
6 0.000134
3 0.000110
7 0.000115
5 0.000115
2 0.000113
0 0.000114
6 0.000124
1 0.000125
4 0.000135
3 0.000131
7 0.000117
2 0.000116
5 0.000117
0 0.000116
4 0.000117
3 0.000117
1 0.000135
6 0.000135
5 0.000122
2 0.000121
7 0.000122
0 0.000121
6 0.000121
1 0.000122
3 0.000139
4 0.000139
0 0.000119
5 0.000119
2 0.000119
7 0.000119
4 0.000116
6 0.000132
3 0.000116
1 0.000132
2 0.000114
0 0.000114
5 0.000111
7 0.000111
6 0.000124
1 0.000124
4 0.000131
3 0.000131
2 0.000118
0 0.000117
7 0.000108
5 0.000108
1 0.000132
6 0.000132
3 0.000118
4 0.000119
7 0.000103
5 0.000103
2 0.000111
0 0.000110
6 0.000126
4 0.000123
1 0.000126
3 0.000123
2 0.000104
5 0.000108
0 0.000105
7 0.000111
3 0.000124
1 0.000131
6 0.000132
4 0.000124
0 0.000111
7 0.000103
5 0.000103
2 0.000112
3 0.000132
4 0.000132
1 0.000129
6 0.000129
7 0.000113
5 0.000112
0 0.000114
2 0.000114
4 0.000131
1 0.000123
6 0.000123
3 0.000132
0 0.000105
7 0.000110
5 0.000109
2 0.000105
4 0.000132
3 0.000136
1 0.000131
6 0.000131
5 0.000116
0 0.000116
7 0.000116
2 0.000131
6 0.000112
1 0.000115
4 0.000140
3 0.000140
5 0.000120
0 0.000120
2 0.000121
7 0.000120
4 0.000112
3 0.000112
1 0.000133
6 0.000133
7 0.000118
2 0.000120
5 0.000118
0 0.000120
4 0.000126
6 0.000107
3 0.000127
1 0.000107
5 0.000117
0 0.000116
7 0.000117
2 0.000116
4 0.000116
3 0.000116
6 0.000123
1 0.000123
7 0.000119
2 0.000119
3 0.000117
1 0.000111
6 0.000111
4 0.000118
5 0.000119
0 0.000119
1 0.000118
6 0.000118
4 0.000119
5 0.000129
3 0.000119
2 0.000124
0 0.000124
7 0.000129
6 0.000106
1 0.000106
5 0.000139
3 0.000136
4 0.000136
2 0.000143
7 0.000149
0 0.000144
1 0.000110
6 0.000107
3 0.000093
4 0.000093
2 0.000135
7 0.000147
5 0.000147
0 0.000136
4 0.000114
3 0.000115
1 0.000114
6 0.000116
5 0.000116
0 0.000116
2 0.000142
7 0.000116
6 0.000111
4 0.000116
1 0.000111
3 0.000116
5 0.000134
7 0.000134
0 0.000132
2 0.000133
1 0.000113
4 0.000111
6 0.000113
3 0.000110
2 0.000124
0 0.000126
7 0.000135
5 0.000136
3 0.000116
1 0.000115
4 0.000115
6 0.000116
5 0.000119
2 0.000134
0 0.000134
7 0.000119
3 0.000111
1 0.000112
6 0.000112
4 0.000111
7 0.000133
5 0.000133
2 0.000126
0 0.000126
4 0.000118
6 0.000118
3 0.000118
1 0.000118
0 0.000131
5 0.000140
7 0.000140
2 0.000133
1 0.000119
4 0.000119
6 0.000119
3 0.000119
0 0.000141
2 0.000116
7 0.000116
5 0.000115
6 0.000109
3 0.000109
4 0.000109
1 0.000110
5 0.000125
7 0.000125
2 0.000129
0 0.000129
6 0.000110
1 0.000110
4 0.000111
3 0.000111
0 0.000129
2 0.000129
7 0.000134
5 0.000134
3 0.000106
4 0.000106
1 0.000111
6 0.000111
0 0.000140
2 0.000141
5 0.000131
7 0.000131
4 0.000112
6 0.000108
1 0.000108
3 0.000112
0 0.000135
7 0.000123
2 0.000135
5 0.000124
1 0.000116
3 0.000116
6 0.000116
4 0.000115
2 0.000128
0 0.000139
7 0.000125
5 0.000116
4 0.000112
3 0.000111
6 0.000111
1 0.000111
7 0.000121
5 0.000122
2 0.000131
0 0.000131
3 0.000112
6 0.000097
1 0.000097
4 0.000112
0 0.000124
2 0.000125
5 0.000134
7 0.000134
6 0.000121
3 0.000121
1 0.000121
4 0.000121
2 0.000138
5 0.000125
7 0.000123
0 0.000137
6 0.000111
1 0.000111
3 0.000107
4 0.000107
2 0.000132
7 0.000137
0 0.000132
5 0.000138
4 0.000109
1 0.000109
6 0.000108
3 0.000110
0 0.000136
2 0.000137
5 0.000131
7 0.000132
6 0.000103
3 0.000116
1 0.000103
4 0.000103
0 0.000134
5 0.000125
7 0.000123
2 0.000134
1 0.000115
4 0.000117
3 0.000115
6 0.000114
2 0.000135
0 0.000142
7 0.000142
5 0.000143
1 0.000110
4 0.000110
3 0.000112
6 0.000117
0 0.000137
2 0.000137
7 0.000120
5 0.000120
6 0.000110
1 0.000111
3 0.000106
4 0.000107
5 0.000126
0 0.000134
7 0.000126
2 0.000134
4 0.000110
6 0.000109
1 0.000109
3 0.000109
2 0.000132
0 0.000133
7 0.000138
5 0.000136
6 0.000108
3 0.000109
4 0.000108
1 0.000111
7 0.000138
5 0.000140
2 0.000140
0 0.000140
3 0.000116
6 0.000107
4 0.000116
1 0.000115
5 0.000136
2 0.000123
7 0.000139
0 0.000122
4 0.000109
3 0.000108
6 0.000108
1 0.000110
0 0.000138
7 0.000139
5 0.000138
2 0.000139
6 0.000104
1 0.000123
3 0.000106
4 0.000104
2 0.000133
0 0.000134
5 0.000132
7 0.000127
4 0.000118
3 0.000113
6 0.000093
1 0.000106
7 0.000121
2 0.000139
5 0.000122
0 0.000138
6 0.000101
3 0.000113
1 0.000125
4 0.000099
2 0.000129
0 0.000129
5 0.000135
7 0.000135
4 0.000106
6 0.000115
1 0.000108
3 0.000106
2 0.000135
7 0.000124
5 0.000124
0 0.000137
1 0.000111
6 0.000111
4 0.000110
3 0.000111
7 0.000128
0 0.000134
2 0.000135
5 0.000128
4 0.000110
3 0.000110
1 0.000110
6 0.000109
2 0.000135
5 0.000139
7 0.000136
0 0.000135
3 0.000129
1 0.000110
4 0.000108
6 0.000115
5 0.000141
7 0.000136
0 0.000123
2 0.000138
6 0.000120
4 0.000132
3 0.000132
1 0.000132
2 0.000141
0 0.000141
7 0.000129
5 0.000105
6 0.000118
4 0.000115
1 0.000111
3 0.000119
5 0.000113
7 0.000113
2 0.000135
0 0.000135
4 0.000118
6 0.000118
3 0.000118
1 0.000119
2 0.000115
0 0.000115
7 0.000134
5 0.000134
4 0.000125
1 0.000125
6 0.000125
3 0.000126
5 0.000118
0 0.000135
2 0.000136
7 0.000118
4 0.000118
6 0.000119
1 0.000119
0 0.000114
7 0.000120
5 0.000126
2 0.000115
3 0.000118
0 0.000120
6 0.000142
1 0.000144
2 0.000142
7 0.000133
3 0.000143
4 0.000142
5 0.000132
0 0.000114
2 0.000115
4 0.000129
3 0.000132
7 0.000143
1 0.000144
6 0.000144
5 0.000143
2 0.000102
0 0.000102
7 0.000086
5 0.000087
3 0.000150
6 0.000145
1 0.000145
4 0.000151
7 0.000112
0 0.000119
5 0.000112
2 0.000117
1 0.000119
4 0.000112
3 0.000138
6 0.000119
0 0.000111
5 0.000111
7 0.000111
2 0.000111
1 0.000127
4 0.000134
3 0.000135
6 0.000127
2 0.000110
5 0.000110
0 0.000109
7 0.000110
4 0.000133
6 0.000133
3 0.000135
1 0.000134
7 0.000121
5 0.000109
2 0.000109
0 0.000122
1 0.000116
6 0.000124
3 0.000133
4 0.000136
2 0.000121
0 0.000121
7 0.000121
5 0.000122
1 0.000137
6 0.000136
3 0.000121
4 0.000122
5 0.000102
2 0.000112
7 0.000102
0 0.000112
4 0.000126
3 0.000128
6 0.000131
1 0.000131
5 0.000117
0 0.000118
2 0.000118
7 0.000118
1 0.000118
3 0.000135
6 0.000118
4 0.000135
5 0.000112
2 0.000113
0 0.000113
7 0.000112
4 0.000122
3 0.000123
1 0.000131
6 0.000131
5 0.000114
7 0.000114
2 0.000115
0 0.000115
6 0.000129
1 0.000129
3 0.000142
4 0.000142
7 0.000079
5 0.000074
0 0.000100
4 0.000103
3 0.000047
4 0.000095
5 0.000106
3 0.000111
0 0.000109
3 0.000085
1 0.000117
7 0.000116
2 0.000116
4 0.000094
0 0.000109
5 0.000116
3 0.000119
1 0.000109
4 0.000102
7 0.000109
5 0.000116
2 0.000147
0 0.000123
3 0.000102
7 0.000096
1 0.000096
4 0.000110
0 0.000105
2 0.000121
5 0.000121
3 0.000106
4 0.000106
7 0.000106
1 0.000106
0 0.000123
2 0.000121
5 0.000121
4 0.000106
7 0.000097
6 0.000108
1 0.000097
0 0.000119
2 0.000125
5 0.000125
7 0.000107
3 0.000106
4 0.000108
1 0.000107
0 0.000114
2 0.000124
5 0.000124
3 0.000104
4 0.000104
7 0.000105
1 0.000105
0 0.000120
2 0.000120
5 0.000120
4 0.000105
7 0.000095
6 0.000108
1 0.000095
2 0.000125
0 0.000122
5 0.000125
6 0.000115
7 0.000115
4 0.000115
1 0.000115
0 0.000096
2 0.000124
5 0.000114
6 0.000115
1 0.000114
4 0.000115
7 0.000114
0 0.000129
5 0.000123
2 0.000123
1 0.000109
7 0.000109
3 0.000105
6 0.000110
0 0.000109
2 0.000119
5 0.000119
3 0.000108
7 0.000108
4 0.000110
1 0.000108
0 0.000115
2 0.000119
5 0.000119
7 0.000110
3 0.000111
6 0.000108
1 0.000110
0 0.000107
5 0.000117
2 0.000117
5 0.000109
2 0.000108
3 0.000125
7 0.000125
0 0.000117
4 0.000110
1 0.000125
0 0.000104
5 0.000089
2 0.000100
1 0.000098
4 0.000124
7 0.000121
3 0.000124
0 0.000098
5 0.000103
2 0.000103
4 0.000111
7 0.000121
1 0.000121
3 0.000111
0 0.000099
2 0.000101
5 0.000101
3 0.000122
7 0.000119
6 0.000125
1 0.000119
0 0.000100
2 0.000101
5 0.000101
7 0.000122
3 0.000124
4 0.000122
1 0.000122
0 0.000099
2 0.000100
5 0.000100
4 0.000135
7 0.000136
3 0.000135
1 0.000136
5 0.000108
0 0.000105
2 0.000109
1 0.000109
7 0.000115
6 0.000124
3 0.000120
0 0.000098
2 0.000103
5 0.000102
3 0.000115
7 0.000125
1 0.000125
6 0.000115
0 0.000102
2 0.000102
5 0.000102
7 0.000123
1 0.000123
4 0.000134
6 0.000128
0 0.000102
2 0.000102
5 0.000103
1 0.000127
7 0.000130
3 0.000127
4 0.000123
0 0.000109
2 0.000109
5 0.000111
4 0.000110
6 0.000122
1 0.000125
7 0.000125
0 0.000105
2 0.000105
5 0.000105
1 0.000110
6 0.000127
7 0.000110
4 0.000127
0 0.000103
2 0.000100
5 0.000100
7 0.000126
4 0.000119
3 0.000110
1 0.000127
0 0.000101
5 0.000100
2 0.000100
3 0.000128
7 0.000131
1 0.000131
4 0.000129
0 0.000093
5 0.000095
2 0.000104
7 0.000134
6 0.000119
3 0.000133
1 0.000134
2 0.000106
0 0.000110
5 0.000104
1 0.000127
3 0.000136
6 0.000136
7 0.000135
5 0.000117
0 0.000115
2 0.000122
1 0.000131
3 0.000115
7 0.000135
6 0.000134
5 0.000126
2 0.000121
0 0.000107
1 0.000140
3 0.000110
6 0.000138
7 0.000116
0 0.000104
2 0.000129
5 0.000129
1 0.000135
4 0.000133
3 0.000140
6 0.000140
7 0.000139
2 0.000130
5 0.000132
0 0.000158
1 0.000151
7 0.000124
3 0.000119
6 0.000120
4 0.000157
2 0.000123
0 0.000109
5 0.000123
1 0.000131
3 0.000105
6 0.000110
7 0.000125
2 0.000142
4 0.000149
5 0.000142
0 0.000149
1 0.000135
7 0.000117
3 0.000124
6 0.000112
2 0.000131
0 0.000133
4 0.000131
5 0.000142
1 0.000142
6 0.000095
7 0.000148
3 0.000156
4 0.000130
5 0.000133
2 0.000128
0 0.000130
7 0.000090
1 0.000144
3 0.000088
6 0.000132
5 0.000118
4 0.000116
2 0.000118
0 0.000116
7 0.000108
1 0.000108
3 0.000121
6 0.000120
4 0.000113
5 0.000118
7 0.000129
0 0.000130
2 0.000119
1 0.000129
3 0.000122
6 0.000122
4 0.000115
0 0.000115
2 0.000104
5 0.000105
1 0.000129
3 0.000129
6 0.000128
7 0.000129
0 0.000121
5 0.000114
4 0.000121
2 0.000114
6 0.000131
7 0.000131
1 0.000131
3 0.000130
0 0.000119
5 0.000119
6 0.000123
3 0.000120
4 0.000119
7 0.000117
1 0.000117
2 0.000118
6 0.000114
1 0.000108
3 0.000115
7 0.000108
4 0.000132
0 0.000132
5 0.000130
2 0.000127
3 0.000113
1 0.000112
7 0.000112
6 0.000113
0 0.000124
2 0.000120
4 0.000125
5 0.000120
3 0.000119
1 0.000121
7 0.000122
6 0.000119
4 0.000132
5 0.000127
0 0.000132
2 0.000127
7 0.000112
6 0.000111
1 0.000112
3 0.000111
2 0.000127
4 0.000125
5 0.000127
0 0.000125
6 0.000112
3 0.000112
7 0.000113
1 0.000114
4 0.000129
2 0.000129
0 0.000129
5 0.000129
3 0.000111
6 0.000111
1 0.000105
7 0.000105
0 0.000132
4 0.000133
2 0.000128
5 0.000128
7 0.000103
3 0.000109
6 0.000109
1 0.000103
4 0.000129
2 0.000124
0 0.000129
5 0.000124
1 0.000116
7 0.000116
3 0.000116
6 0.000116
2 0.000126
4 0.000136
5 0.000125
0 0.000137
1 0.000116
6 0.000110
7 0.000116
3 0.000110
4 0.000116
0 0.000109
2 0.000139
5 0.000118
7 0.000120
3 0.000122
6 0.000101
1 0.000104
5 0.000110
2 0.000111
0 0.000138
4 0.000136
1 0.000111
3 0.000110
7 0.000110
6 0.000110
0 0.000123
4 0.000124
5 0.000132
2 0.000132
7 0.000119
3 0.000120
1 0.000120
6 0.000120
4 0.000142
2 0.000135
5 0.000132
0 0.000142
7 0.000109
1 0.000110
6 0.000110
3 0.000109
2 0.000137
5 0.000139
0 0.000136
4 0.000138
1 0.000102
3 0.000111
7 0.000102
6 0.000102
0 0.000123
5 0.000137
2 0.000136
4 0.000124
3 0.000097
7 0.000101
1 0.000097
6 0.000113
5 0.000132
2 0.000132
0 0.000134
4 0.000134
7 0.000120
1 0.000127
3 0.000115
6 0.000134
5 0.000141
4 0.000146
0 0.000154
2 0.000150
6 0.000131
1 0.000110
3 0.000131
7 0.000111
5 0.000144
0 0.000099
4 0.000087
2 0.000160
1 0.000114
6 0.000122
7 0.000122
3 0.000115
5 0.000136
4 0.000133
0 0.000132
2 0.000084
1 0.000116
3 0.000116
6 0.000115
7 0.000116
4 0.000111
2 0.000119
5 0.000129
0 0.000110
7 0.000115
3 0.000115
1 0.000115
6 0.000115
0 0.000123
4 0.000126
2 0.000119
5 0.000119
1 0.000115
6 0.000111
3 0.000111
7 0.000115
5 0.000118
4 0.000122
2 0.000118
0 0.000122
1 0.000114
7 0.000114
3 0.000114
6 0.000114
0 0.000116
4 0.000123
2 0.000122
5 0.000131
1 0.000113
3 0.000106
6 0.000106
7 0.000113
0 0.000124
5 0.000109
4 0.000125
2 0.000109
1 0.000115
7 0.000115
3 0.000114
4 0.000125
5 0.000124
6 0.000114
0 0.000125
2 0.000125
3 0.000103
7 0.000117
6 0.000103
1 0.000117
2 0.000140
0 0.000145
5 0.000140
4 0.000146
7 0.000111
6 0.000114
3 0.000114
1 0.000112
5 0.000128
2 0.000129
4 0.000117
0 0.000117
6 0.000113
3 0.000114
7 0.000112
1 0.000113
5 0.000126
0 0.000116
2 0.000125
4 0.000117
3 0.000111
6 0.000112
1 0.000104
7 0.000104
4 0.000126
0 0.000126
2 0.000129
5 0.000130
7 0.000100
1 0.000100
6 0.000111
3 0.000111
5 0.000119
4 0.000128
0 0.000128
2 0.000119
3 0.000103
6 0.000103
1 0.000109
7 0.000109
2 0.000132
0 0.000133
4 0.000133
5 0.000133
3 0.000109
6 0.000109
1 0.000099
7 0.000099
0 0.000133
4 0.000135
5 0.000135
2 0.000132
6 0.000108
3 0.000109
7 0.000108
1 0.000108
5 0.000130
0 0.000136
2 0.000134
4 0.000134
6 0.000104
3 0.000105
1 0.000110
7 0.000104
0 0.000134
4 0.000134
2 0.000134
5 0.000134
3 0.000118
7 0.000120
6 0.000114
1 0.000120
0 0.000136
2 0.000125
4 0.000134
5 0.000121
7 0.000109
3 0.000109
1 0.000111
6 0.000111
4 0.000137
0 0.000137
5 0.000139
2 0.000135
1 0.000105
7 0.000099
3 0.000100
6 0.000112
2 0.000134
5 0.000134
4 0.000140
0 0.000134
7 0.000109
3 0.000109
1 0.000105
6 0.000110
5 0.000136
0 0.000135
2 0.000138
4 0.000135
6 0.000119
1 0.000103
7 0.000102
3 0.000103
2 0.000142
0 0.000142
4 0.000144
5 0.000142
1 0.000108
7 0.000111
6 0.000109
3 0.000111
2 0.000133
5 0.000135
4 0.000136
0 0.000136
6 0.000111
3 0.000112
7 0.000103
1 0.000102
4 0.000117
2 0.000136
0 0.000117
5 0.000136
7 0.000109
6 0.000109
1 0.000110
3 0.000109
0 0.000133
5 0.000127
2 0.000125
4 0.000133
6 0.000109
3 0.000109
1 0.000108
7 0.000108
0 0.000140
2 0.000143
4 0.000141
5 0.000199
6 0.000103
1 0.000106
3 0.000119
7 0.000114
5 0.000112
4 0.000136
2 0.000134
0 0.000137
1 0.000104
3 0.000104
6 0.000104
7 0.000112
2 0.000135
0 0.000130
5 0.000135
4 0.000130
1 0.000098
6 0.000113
3 0.000108
7 0.000117
2 0.000135
5 0.000138
0 0.000125
4 0.000116
3 0.000112
6 0.000106
1 0.000106
7 0.000111
4 0.000116
2 0.000133
0 0.000117
5 0.000132
6 0.000110
1 0.000110
3 0.000109
7 0.000109
4 0.000136
2 0.000134
5 0.000132
0 0.000137
1 0.000105
3 0.000106
6 0.000105
7 0.000110
4 0.000134
0 0.000138
2 0.000133
5 0.000133
3 0.000113
6 0.000113
1 0.000113
7 0.000114
4 0.000134
2 0.000117
5 0.000117
0 0.000134
6 0.000109
3 0.000110
1 0.000104
7 0.000104
5 0.000136
0 0.000137
2 0.000136
4 0.000134
1 0.000114
3 0.000116
7 0.000116
6 0.000115
0 0.000135
4 0.000135
5 0.000135
2 0.000133
1 0.000109
3 0.000109
7 0.000109
6 0.000113
2 0.000116
5 0.000117
0 0.000131
4 0.000131
7 0.000112
6 0.000112
1 0.000112
3 0.000112
2 0.000132
4 0.000121
5 0.000132
0 0.000120
1 0.000110
3 0.000111
7 0.000111
6 0.000110
5 0.000133
4 0.000131
0 0.000128
2 0.000133
6 0.000110
3 0.000108
1 0.000108
7 0.000109
0 0.000140
2 0.000135
5 0.000138
4 0.000141
1 0.000102
7 0.000102
3 0.000115
6 0.000116
2 0.000121
4 0.000119
0 0.000142
5 0.000121
3 0.000108
6 0.000108
7 0.000109
1 0.000109
2 0.000136
5 0.000139
4 0.000133
0 0.000133
7 0.000109
6 0.000109
1 0.000113
3 0.000110
2 0.000132
0 0.000117
4 0.000117
5 0.000132
6 0.000110
3 0.000110
7 0.000110
1 0.000111
4 0.000131
0 0.000132
2 0.000130
5 0.000130
1 0.000113
7 0.000113
6 0.000119
3 0.000118
4 0.000133
0 0.000137
2 0.000109
5 0.000099
1 0.000111
3 0.000114
7 0.000113
6 0.000111
2 0.000117
5 0.000117
4 0.000133
0 0.000133
1 0.000110
7 0.000111
6 0.000110
3 0.000110
4 0.000125
2 0.000136
5 0.000136
0 0.000126
7 0.000111
3 0.000106
1 0.000105
6 0.000105
4 0.000137
2 0.000134
0 0.000140
5 0.000133
7 0.000115
3 0.000115
1 0.000116
6 0.000116
2 0.000134
4 0.000137
5 0.000137
0 0.000135
7 0.000099
6 0.000099
1 0.000113
3 0.000099
4 0.000136
0 0.000136
5 0.000137
2 0.000135
6 0.000109
7 0.000109
3 0.000110
1 0.000110
0 0.000133
4 0.000134
2 0.000131
5 0.000132
3 0.000106
7 0.000105
6 0.000105
1 0.000114
2 0.000116
4 0.000134
0 0.000132
5 0.000116
7 0.000109
6 0.000110
1 0.000111
3 0.000110
2 0.000138
4 0.000136
0 0.000136
5 0.000138
1 0.000108
7 0.000108
3 0.000112
6 0.000108
2 0.000130
5 0.000132
4 0.000134
0 0.000134
3 0.000105
1 0.000105
7 0.000105
6 0.000113
4 0.000111
0 0.000112
2 0.000132
5 0.000132
7 0.000113
3 0.000113
6 0.000112
1 0.000113
5 0.000116
0 0.000132
4 0.000132
2 0.000116
3 0.000110
1 0.000110
7 0.000110
6 0.000110
2 0.000133
5 0.000133
0 0.000128
4 0.000128
7 0.000111
6 0.000110
1 0.000110
3 0.000110
5 0.000132
0 0.000130
4 0.000127
2 0.000133
6 0.000107
1 0.000108
7 0.000107
3 0.000109
2 0.000132
0 0.000135
5 0.000136
4 0.000135
6 0.000100
3 0.000102
7 0.000113
1 0.000102
0 0.000133
5 0.000136
2 0.000137
4 0.000133
3 0.000093
7 0.000107
6 0.000087
1 0.000111
5 0.000129
0 0.000126
4 0.000126
2 0.000130
6 0.000132
7 0.000142
3 0.000129
1 0.000142
2 0.000131
4 0.000122
0 0.000116
5 0.000108
6 0.000131
3 0.000097
1 0.000145
7 0.000146
4 0.000096
5 0.000106
0 0.000133
2 0.000112
3 0.000149
7 0.000114
1 0.000114
6 0.000149
0 0.000113
2 0.000113
4 0.000113
5 0.000113
7 0.000129
3 0.000121
1 0.000129
6 0.000121
0 0.000110
4 0.000110
2 0.000110
5 0.000110
1 0.000134
7 0.000135
6 0.000131
3 0.000132
4 0.000112
2 0.000108
0 0.000111
5 0.000108
3 0.000115
7 0.000131
1 0.000130
6 0.000115
0 0.000111
2 0.000111
5 0.000111
4 0.000111
7 0.000131
6 0.000135
1 0.000133
3 0.000133
4 0.000111
0 0.000107
2 0.000109
5 0.000109
6 0.000133
3 0.000135
7 0.000136
1 0.000137
4 0.000109
0 0.000111
5 0.000115
2 0.000109
3 0.000134
6 0.000134
1 0.000115
7 0.000115
5 0.000114
2 0.000114
0 0.000116
4 0.000117
1 0.000126
7 0.000126
3 0.000133
6 0.000130
2 0.000112
4 0.000112
5 0.000112
0 0.000111
6 0.000126
3 0.000128
7 0.000131
1 0.000132
0 0.000113
2 0.000112
4 0.000111
5 0.000112
3 0.000130
7 0.000112
1 0.000112
6 0.000130
5 0.000112
0 0.000112
2 0.000112
4 0.000112
3 0.000131
6 0.000131
7 0.000132
1 0.000131
4 0.000112
5 0.000112
0 0.000112
2 0.000112
1 0.000127
3 0.000137
7 0.000127
6 0.000137
0 0.000114
2 0.000115
4 0.000114
5 0.000114
6 0.000110
7 0.000123
1 0.000132
3 0.000117
2 0.000106
5 0.000106
4 0.000107
0 0.000107
6 0.000096
0 0.000124
1 0.000129
7 0.000116
3 0.000110
4 0.000111
5 0.000120
2 0.000120
6 0.000136
0 0.000112
1 0.000123
7 0.000123
4 0.000112
3 0.000112
2 0.000156
5 0.000156
6 0.000169
7 0.000133
1 0.000133
3 0.000127
5 0.000105
2 0.000105
4 0.000126
0 0.000162
6 0.000155
7 0.000125
1 0.000133
3 0.000118
4 0.000118
5 0.000147
2 0.000146
6 0.000131
0 0.000149
7 0.000112
4 0.000107
1 0.000112
3 0.000108
2 0.000130
0 0.000123
5 0.000131
6 0.000123
3 0.000112
7 0.000112
4 0.000112
1 0.000112
5 0.000135
0 0.000134
2 0.000135
6 0.000134
3 0.000119
7 0.000119
4 0.000119
1 0.000119
2 0.000137
0 0.000131
5 0.000135
6 0.000134
3 0.000118
4 0.000118
7 0.000111
1 0.000109
5 0.000136
6 0.000125
0 0.000125
2 0.000136
7 0.000106
1 0.000106
4 0.000110
3 0.000110
5 0.000139
0 0.000139
6 0.000140
2 0.000139
7 0.000113
1 0.000114
3 0.000113
4 0.000113
5 0.000136
6 0.000132
0 0.000132
2 0.000136
3 0.000130
1 0.000134
7 0.000137
4 0.000130
2 0.000146
6 0.000140
5 0.000147
0 0.000140
3 0.000112
7 0.000113
1 0.000112
4 0.000112
5 0.000141
6 0.000136
2 0.000141
0 0.000135
4 0.000113
1 0.000114
7 0.000113
3 0.000113
2 0.000141
0 0.000134
6 0.000136
5 0.000140
3 0.000111
4 0.000110
1 0.000109
7 0.000113
2 0.000138
0 0.000137
6 0.000138
5 0.000138
4 0.000113
3 0.000112
7 0.000113
1 0.000113
6 0.000145
5 0.000151
0 0.000145
2 0.000152
3 0.000100
4 0.000098
7 0.000102
1 0.000110
5 0.000141
0 0.000144
6 0.000145
2 0.000141
1 0.000111
3 0.000101
7 0.000111
4 0.000101
6 0.000140
5 0.000146
0 0.000143
2 0.000147
7 0.000107
4 0.000113
1 0.000106
3 0.000104
2 0.000135
0 0.000143
6 0.000144
5 0.000135
4 0.000096
1 0.000096
3 0.000117
7 0.000093
6 0.000136
5 0.000138
0 0.000136
2 0.000138
3 0.000123
7 0.000123
4 0.000122
1 0.000123
6 0.000140
2 0.000148
0 0.000133
5 0.000137
4 0.000105
3 0.000105
7 0.000105
1 0.000121
5 0.000144
2 0.000144
6 0.000140
0 0.000136
1 0.000111
3 0.000109
4 0.000108
7 0.000108
6 0.000139
2 0.000142
5 0.000143
0 0.000139
7 0.000099
3 0.000096
1 0.000095
4 0.000116
0 0.000135
6 0.000135
5 0.000142
2 0.000142
1 0.000122
7 0.000103
3 0.000115
4 0.000119
5 0.000109
2 0.000114
0 0.000137
6 0.000137
7 0.000112
1 0.000113
3 0.000112
4 0.000116
5 0.000137
6 0.000119
2 0.000137
0 0.000118
1 0.000110
7 0.000110
3 0.000110
4 0.000110
5 0.000138
2 0.000141
6 0.000138
0 0.000138
7 0.000115
1 0.000115
4 0.000115
3 0.000115
2 0.000138
5 0.000138
0 0.000119
6 0.000119
4 0.000113
7 0.000117
3 0.000113
1 0.000117
6 0.000126
5 0.000137
2 0.000130
0 0.000126
7 0.000110
4 0.000110
1 0.000113
3 0.000112
0 0.000126
5 0.000140
6 0.000136
2 0.000140
7 0.000110
1 0.000112
4 0.000110
3 0.000110
0 0.000139
6 0.000139
2 0.000135
5 0.000135
1 0.000105
3 0.000103
7 0.000102
4 0.000114
2 0.000126
5 0.000128
0 0.000137
6 0.000134
4 0.000121
3 0.000101
1 0.000101
7 0.000120
0 0.000141
6 0.000147
2 0.000144
5 0.000144
7 0.000109
1 0.000112
4 0.000107
3 0.000107
2 0.000124
0 0.000137
6 0.000138
5 0.000125
3 0.000106
4 0.000104
1 0.000112
7 0.000104
5 0.000140
2 0.000140
0 0.000141
6 0.000139
4 0.000119
7 0.000097
1 0.000085
3 0.000084
0 0.000131
2 0.000139
6 0.000139
5 0.000138
7 0.000105
1 0.000113
4 0.000106
3 0.000112
6 0.000145
5 0.000145
0 0.000147
2 0.000143
7 0.000099
1 0.000099
3 0.000113
4 0.000099
6 0.000140
2 0.000142
0 0.000144
5 0.000141
3 0.000107
4 0.000110
1 0.000108
7 0.000107
5 0.000133
0 0.000133
2 0.000134
6 0.000133
4 0.000111
3 0.000111
1 0.000108
7 0.000108
2 0.000139
5 0.000141
6 0.000140
0 0.000135
1 0.000106
3 0.000107
7 0.000110
4 0.000106
6 0.000139
2 0.000141
5 0.000139
0 0.000139
7 0.000113
4 0.000110
1 0.000100
3 0.000100
2 0.000134
0 0.000132
6 0.000133
5 0.000134
3 0.000128
4 0.000107
7 0.000107
1 0.000129
2 0.000145
5 0.000145
6 0.000132
0 0.000149
1 0.000131
3 0.000106
4 0.000105
7 0.000101
5 0.000147
2 0.000150
0 0.000131
6 0.000132
4 0.000114
7 0.000115
1 0.000113
3 0.000112
0 0.000123
2 0.000138
6 0.000123
5 0.000138
4 0.000111
7 0.000109
1 0.000109
3 0.000111
2 0.000130
6 0.000135
0 0.000134
5 0.000130
4 0.000109
3 0.000110
1 0.000109
7 0.000110
2 0.000135
5 0.000137
6 0.000135
0 0.000136
4 0.000101
3 0.000112
7 0.000113
1 0.000113
5 0.000136
0 0.000127
2 0.000136
6 0.000129
4 0.000109
7 0.000116
1 0.000113
3 0.000109
5 0.000134
2 0.000112
0 0.000112
6 0.000132
1 0.000131
3 0.000129
7 0.000129
4 0.000087
2 0.000140
0 0.000121
5 0.000140
6 0.000118
1 0.000108
7 0.000108
3 0.000108
4 0.000111
0 0.000136
6 0.000134
5 0.000133
2 0.000133
7 0.000114
4 0.000114
1 0.000113
3 0.000113
0 0.000133
6 0.000133
2 0.000117
5 0.000117
1 0.000114
3 0.000113
7 0.000115
4 0.000091
6 0.000131
0 0.000130
5 0.000123
2 0.000123
7 0.000120
3 0.000120
4 0.000120
1 0.000120
2 0.000125
5 0.000125
0 0.000135
6 0.000135
1 0.000113
3 0.000114
7 0.000113
4 0.000114
6 0.000118
0 0.000118
5 0.000130
2 0.000130
4 0.000111
7 0.000113
3 0.000111
1 0.000113
0 0.000129
6 0.000129
5 0.000112
2 0.000112
1 0.000108
4 0.000111
7 0.000108
3 0.000111
5 0.000123
2 0.000123
6 0.000129
0 0.000128
1 0.000109
7 0.000110
4 0.000109
3 0.000109
0 0.000131
5 0.000138
2 0.000138
6 0.000131
1 0.000110
3 0.000103
4 0.000103
7 0.000110
2 0.000134
6 0.000133
0 0.000134
5 0.000137
1 0.000104
7 0.000104
3 0.000104
4 0.000112
2 0.000133
6 0.000134
5 0.000139
0 0.000134
7 0.000110
3 0.000110
1 0.000110
4 0.000110
6 0.000130
0 0.000132
2 0.000135
5 0.000132
7 0.000109
1 0.000110
3 0.000109
4 0.000112
0 0.000134
6 0.000134
5 0.000136
2 0.000134
7 0.000115
3 0.000115
1 0.000115
4 0.000118
2 0.000129
5 0.000132
0 0.000129
6 0.000129
1 0.000112
7 0.000112
4 0.000112
3 0.000112
6 0.000117
2 0.000132
0 0.000117
5 0.000132
7 0.000110
1 0.000110
3 0.000106
4 0.000106
5 0.000130
6 0.000135
0 0.000137
2 0.000130
7 0.000109
3 0.000109
1 0.000109
4 0.000110
5 0.000130
6 0.000132
2 0.000130
0 0.000131
1 0.000118
4 0.000118
3 0.000118
7 0.000103
6 0.000140
5 0.000140
0 0.000140
2 0.000140
1 0.000108
7 0.000119
4 0.000121
3 0.000121
5 0.000110
0 0.000107
6 0.000135
2 0.000125
1 0.000106
7 0.000130
3 0.000124
4 0.000107
6 0.000131
2 0.000124
5 0.000151
0 0.000132
4 0.000110
3 0.000110
1 0.000110
7 0.000111
2 0.000135
0 0.000134
6 0.000133
5 0.000136
1 0.000110
3 0.000105
7 0.000111
4 0.000104
0 0.000136
5 0.000142
2 0.000139
6 0.000136
1 0.000108
7 0.000109
4 0.000115
3 0.000109
5 0.000135
0 0.000131
2 0.000135
6 0.000121
1 0.000104
7 0.000106
3 0.000116
4 0.000116
5 0.000134
6 0.000101
0 0.000114
2 0.000145
3 0.000099
7 0.000103
1 0.000103
4 0.000123
6 0.000145
0 0.000145
5 0.000143
2 0.000124
4 0.000111
3 0.000109
1 0.000108
7 0.000109
6 0.000137
0 0.000138
2 0.000139
5 0.000140
1 0.000107
4 0.000115
3 0.000104
7 0.000109
6 0.000132
2 0.000124
0 0.000132
5 0.000122
3 0.000113
4 0.000109
1 0.000109
7 0.000112
6 0.000129
5 0.000129
0 0.000131
2 0.000134
7 0.000110
3 0.000110
4 0.000108
1 0.000108
5 0.000132
2 0.000134
6 0.000135
0 0.000133
1 0.000109
4 0.000112
3 0.000109
7 0.000109
5 0.000130
2 0.000132
6 0.000134
0 0.000129
1 0.000116
3 0.000117
7 0.000118
4 0.000117
0 0.000128
2 0.000135
6 0.000128
5 0.000132
4 0.000112
1 0.000112
3 0.000112
7 0.000111
2 0.000128
0 0.000135
6 0.000135
5 0.000128
4 0.000099
3 0.000104
1 0.000099
7 0.000112
5 0.000137
2 0.000139
0 0.000139
6 0.000139
1 0.000098
3 0.000098
7 0.000120
4 0.000097
6 0.000123
0 0.000125
2 0.000135
5 0.000135
4 0.000132
7 0.000106
3 0.000107
1 0.000108
5 0.000120
6 0.000148
0 0.000146
2 0.000120
7 0.000110
4 0.000110
1 0.000111
3 0.000112
5 0.000134
6 0.000131
2 0.000128
0 0.000131
7 0.000110
1 0.000110
3 0.000112
4 0.000111
6 0.000134
2 0.000137
5 0.000138
0 0.000134
3 0.000109
4 0.000111
7 0.000109
1 0.000109
5 0.000132
2 0.000132
6 0.000128
0 0.000127
1 0.000111
3 0.000111
4 0.000111
7 0.000111
0 0.000129
5 0.000134
2 0.000134
6 0.000129
1 0.000111
4 0.000111
3 0.000111
7 0.000111
0 0.000130
6 0.000134
5 0.000137
2 0.000136
4 0.000109
7 0.000113
1 0.000109
3 0.000109
6 0.000130
2 0.000123
5 0.000123
0 0.000130
7 0.000110
1 0.000110
4 0.000109
3 0.000110
6 0.000135
0 0.000136
2 0.000132
5 0.000132
3 0.000109
4 0.000109
7 0.000109
1 0.000112
0 0.000132
6 0.000132
2 0.000115
5 0.000115
7 0.000112
3 0.000115
4 0.000115
1 0.000112
6 0.000128
0 0.000132
2 0.000120
5 0.000121
3 0.000112
4 0.000112
7 0.000112
1 0.000112
0 0.000131
2 0.000121
5 0.000120
6 0.000132
3 0.000109
4 0.000109
1 0.000105
7 0.000105
2 0.000132
0 0.000133
5 0.000132
6 0.000133
3 0.000110
1 0.000100
7 0.000100
4 0.000110
2 0.000132
5 0.000135
0 0.000128
6 0.000128
3 0.000119
7 0.000119
1 0.000119
4 0.000119
5 0.000135
0 0.000114
6 0.000115
2 0.000135
4 0.000111
3 0.000111
7 0.000111
1 0.000111
6 0.000133
0 0.000134
2 0.000131
5 0.000131
7 0.000107
1 0.000107
3 0.000111
4 0.000111
6 0.000132
0 0.000133
2 0.000120
5 0.000120
1 0.000110
7 0.000109
4 0.000109
3 0.000109
6 0.000130
2 0.000131
0 0.000130
5 0.000129
7 0.000111
3 0.000111
1 0.000110
4 0.000110
5 0.000129
6 0.000133
2 0.000136
0 0.000130
1 0.000109
4 0.000111
7 0.000111
3 0.000107
2 0.000133
5 0.000135
6 0.000136
0 0.000132
1 0.000109
4 0.000109
3 0.000112
7 0.000112
2 0.000130
5 0.000132
0 0.000130
6 0.000128
1 0.000110
7 0.000113
4 0.000110
3 0.000110
2 0.000131
6 0.000123
5 0.000131
0 0.000124
7 0.000110
3 0.000108
1 0.000110
4 0.000108
0 0.000128
6 0.000131
2 0.000132
5 0.000132
1 0.000117
3 0.000118
4 0.000120
7 0.000117
6 0.000129
2 0.000110
0 0.000130
5 0.000110
7 0.000110
1 0.000110
3 0.000110
4 0.000110
2 0.000133
5 0.000134
6 0.000134
0 0.000133
3 0.000111
4 0.000111
1 0.000112
7 0.000111
5 0.000132
0 0.000123
6 0.000123
2 0.000133
7 0.000112
3 0.000112
4 0.000112
1 0.000112
5 0.000132
2 0.000136
0 0.000128
6 0.000129
1 0.000112
7 0.000113
3 0.000113
4 0.000112
2 0.000137
6 0.000123
0 0.000122
5 0.000137
3 0.000109
7 0.000111
1 0.000111
4 0.000109
2 0.000131
5 0.000131
0 0.000132
6 0.000134
7 0.000113
4 0.000113
3 0.000110
1 0.000112
6 0.000119
0 0.000119
5 0.000129
2 0.000129
4 0.000112
1 0.000113
7 0.000113
3 0.000113
5 0.000117
6 0.000130
2 0.000118
0 0.000130
3 0.000112
4 0.000112
1 0.000112
7 0.000112
6 0.000128
0 0.000130
5 0.000134
2 0.000134
3 0.000112
7 0.000114
4 0.000112
1 0.000111
6 0.000129
2 0.000108
0 0.000129
5 0.000108
7 0.000109
3 0.000110
1 0.000110
4 0.000110
6 0.000133
5 0.000134
2 0.000133
0 0.000133
4 0.000110
3 0.000110
1 0.000110
7 0.000110
5 0.000130
0 0.000135
6 0.000134
2 0.000131
1 0.000108
4 0.000109
7 0.000109
3 0.000110
0 0.000133
2 0.000133
6 0.000135
5 0.000133
4 0.000103
1 0.000102
3 0.000118
7 0.000122
6 0.000140
5 0.000140
2 0.000135
0 0.000139
7 0.000128
3 0.000121
4 0.000114
1 0.000115
6 0.000140
2 0.000119
5 0.000129
0 0.000153
3 0.000124
4 0.000124
1 0.000127
7 0.000099
6 0.000143
0 0.000107
2 0.000110
5 0.000148
4 0.000122
7 0.000121
3 0.000100
1 0.000100
5 0.000115
2 0.000119
0 0.000134
6 0.000134
7 0.000118
4 0.000119
1 0.000118
3 0.000119
0 0.000125
5 0.000138
6 0.000125
2 0.000137
1 0.000113
3 0.000104
7 0.000110
4 0.000106
5 0.000127
2 0.000130
0 0.000133
6 0.000133
3 0.000104
4 0.000111
1 0.000104
7 0.000116
5 0.000133
0 0.000115
6 0.000114
2 0.000134
4 0.000110
3 0.000110
7 0.000110
1 0.000110
0 0.000131
6 0.000132
5 0.000132
2 0.000132
3 0.000112
4 0.000112
1 0.000107
7 0.000106
5 0.000123
0 0.000143
2 0.000129
6 0.000134
4 0.000110
1 0.000110
7 0.000109
3 0.000110
5 0.000133
2 0.000135
0 0.000131
6 0.000131
1 0.000111
7 0.000111
4 0.000111
3 0.000113
5 0.000132
2 0.000133
6 0.000121
0 0.000121
4 0.000109
3 0.000110
1 0.000110
7 0.000111
2 0.000132
6 0.000124
0 0.000123
5 0.000133
7 0.000109
4 0.000109
3 0.000110
1 0.000109
5 0.000130
6 0.000129
2 0.000130
0 0.000129
7 0.000084
0 0.000103
6 0.000082
4 0.000117
3 0.000095
0 0.000098
4 0.000101
6 0.000113
3 0.000112
0 0.000115
4 0.000115
6 0.000121
3 0.000112
4 0.000107
0 0.000134
6 0.000060
3 0.000104
4 0.000073
6 0.000102
5 0.000111
2 0.000112
3 0.000109
1 0.000116
0 0.000097
4 0.000128
6 0.000138
3 0.000136
5 0.000114
2 0.000128
1 0.000146
4 0.000150
0 0.000207
3 0.000127
5 0.000125
2 0.000140
1 0.000135
4 0.000127
6 0.000178
0 0.000153
3 0.000135
5 0.000135
2 0.000135
4 0.000146
7 0.000121
6 0.000160
1 0.000144
3 0.000135
2 0.000111
0 0.000137
5 0.000111
4 0.000165
1 0.000139
7 0.000139
6 0.000203
3 0.000143
5 0.000156
2 0.000147
0 0.000134
7 0.000130
4 0.000169
6 0.000174
3 0.000117
1 0.000144
5 0.000135
2 0.000140
0 0.000119
7 0.000164
4 0.000198
6 0.000188
2 0.000147
3 0.000191
1 0.000190
0 0.000166
5 0.000161
7 0.000170
4 0.000126
6 0.000153
2 0.000109
1 0.000159
3 0.000164
0 0.000165
5 0.000169
7 0.000159
4 0.000150
2 0.000120
6 0.000154
3 0.000145
4 0.000116
7 0.000115
1 0.000140
0 0.000181
5 0.000183
2 0.000130
6 0.000103
4 0.000127
7 0.000128
1 0.000130
3 0.000128
5 0.000153
0 0.000165
2 0.000126
6 0.000120
3 0.000133
4 0.000120
1 0.000121
7 0.000122
0 0.000139
5 0.000149
2 0.000129
6 0.000117
4 0.000129
1 0.000120
3 0.000128
7 0.000120
0 0.000150
5 0.000129
2 0.000127
6 0.000112
7 0.000128
1 0.000128
4 0.000130
3 0.000130
0 0.000150
5 0.000131
2 0.000138
6 0.000118
7 0.000139
3 0.000118
1 0.000139
4 0.000118
0 0.000184
5 0.000162
2 0.000121
6 0.000109
4 0.000131
1 0.000132
3 0.000130
7 0.000132
5 0.000139
0 0.000167
2 0.000109
6 0.000103
1 0.000136
3 0.000139
4 0.000139
5 0.000151
0 0.000149
7 0.000136
2 0.000118
6 0.000114
0 0.000089
5 0.000089
1 0.000141
7 0.000142
4 0.000142
3 0.000143
2 0.000106
5 0.000118
6 0.000106
0 0.000107
4 0.000128
3 0.000131
7 0.000137
1 0.000138
2 0.000101
5 0.000102
0 0.000120
6 0.000115
7 0.000118
1 0.000118
4 0.000132
3 0.000136
2 0.000119
0 0.000100
5 0.000119
6 0.000099
4 0.000114
3 0.000114
1 0.000141
7 0.000141
5 0.000121
0 0.000109
6 0.000117
2 0.000109
1 0.000117
4 0.000137
3 0.000137
7 0.000117
6 0.000114
2 0.000115
5 0.000115
0 0.000114
1 0.000136
7 0.000133
4 0.000125
3 0.000125
0 0.000116
5 0.000118
6 0.000116
2 0.000118
1 0.000138
4 0.000131
3 0.000131
7 0.000139
0 0.000119
6 0.000120
5 0.000120
2 0.000120
1 0.000145
7 0.000122
4 0.000125
3 0.000125
6 0.000112
0 0.000112
2 0.000109
5 0.000109
3 0.000119
1 0.000133
7 0.000133
4 0.000120
0 0.000111
2 0.000109
6 0.000111
5 0.000109
3 0.000135
4 0.000137
1 0.000133
7 0.000133
0 0.000114
6 0.000115
5 0.000117
2 0.000115
3 0.000144
7 0.000126
1 0.000126
4 0.000172
0 0.000111
5 0.000089
2 0.000106
6 0.000112
4 0.000135
7 0.000138
1 0.000137
3 0.000135
2 0.000112
5 0.000112
0 0.000111
6 0.000112
3 0.000135
7 0.000137
1 0.000141
4 0.000135
2 0.000109
0 0.000112
5 0.000109
6 0.000109
7 0.000134
4 0.000134
1 0.000137
3 0.000131
0 0.000105
6 0.000113
2 0.000105
5 0.000105
7 0.000131
3 0.000132
4 0.000131
1 0.000131
6 0.000121
2 0.000107
5 0.000107
0 0.000121
7 0.000133
1 0.000136
3 0.000137
4 0.000137
2 0.000112
5 0.000115
6 0.000112
0 0.000114
4 0.000119
3 0.000120
1 0.000136
7 0.000137
0 0.000116
6 0.000116
5 0.000116
2 0.000116
1 0.000118
7 0.000119
3 0.000136
4 0.000136
6 0.000113
0 0.000113
2 0.000106
5 0.000106
7 0.000136
3 0.000120
4 0.000120
1 0.000137
0 0.000117
2 0.000112
5 0.000112
6 0.000118
1 0.000132
4 0.000135
7 0.000133
3 0.000134
0 0.000104
6 0.000115
2 0.000104
5 0.000112
4 0.000131
7 0.000135
1 0.000135
3 0.000131
2 0.000107
5 0.000110
6 0.000116
0 0.000109
3 0.000137
1 0.000139
4 0.000140
7 0.000139
6 0.000103
0 0.000121
5 0.000101
2 0.000102
4 0.000133
3 0.000133
1 0.000125
7 0.000119
6 0.000107
2 0.000115
0 0.000121
5 0.000115
4 0.000142
7 0.000127
3 0.000142
1 0.000124
5 0.000129
2 0.000115
0 0.000116
6 0.000107
7 0.000134
1 0.000130
3 0.000129
4 0.000130
2 0.000111
6 0.000133
0 0.000133
5 0.000125
4 0.000104
1 0.000108
7 0.000139
3 0.000148
5 0.000131
6 0.000111
0 0.000112
2 0.000112
1 0.000121
7 0.000121
4 0.000135
3 0.000096
2 0.000117
5 0.000078
0 0.000119
6 0.000113
3 0.000136
1 0.000145
7 0.000145
4 0.000136
0 0.000108
6 0.000109
5 0.000110
2 0.000109
1 0.000132
4 0.000138
3 0.000137
7 0.000133
0 0.000096
6 0.000119
5 0.000081
2 0.000081
4 0.000137
1 0.000139
7 0.000136
3 0.000132
6 0.000127
2 0.000135
0 0.000143
5 0.000139
1 0.000128
4 0.000112
3 0.000141
7 0.000112
6 0.000135
2 0.000120
5 0.000151
0 0.000147
3 0.000125
7 0.000128
4 0.000133
1 0.000133
2 0.000143
6 0.000143
5 0.000129
0 0.000146
1 0.000132
3 0.000128
7 0.000130
4 0.000131
2 0.000132
6 0.000124
0 0.000072
5 0.000103
1 0.000121
3 0.000122
6 0.000122
0 0.000122
4 0.000122
7 0.000121
5 0.000105
2 0.000105
0 0.000113
5 0.000111
6 0.000113
2 0.000111
3 0.000129
7 0.000131
4 0.000129
1 0.000131
0 0.000118
2 0.000118
6 0.000119
7 0.000130
1 0.000130
5 0.000118
3 0.000136
4 0.000136
2 0.000106
6 0.000116
0 0.000116
5 0.000105
4 0.000119
1 0.000133
7 0.000133
3 0.000119
2 0.000115
0 0.000116
5 0.000115
6 0.000117
7 0.000111
4 0.000124
3 0.000118
1 0.000111
0 0.000113
2 0.000115
7 0.000133
5 0.000114
4 0.000133
1 0.000134
3 0.000133
6 0.000133
0 0.000109
5 0.000093
2 0.000093
3 0.000139
4 0.000139
6 0.000143
1 0.000134
7 0.000134
0 0.000112
2 0.000093
5 0.000094
6 0.000085
4 0.000135
3 0.000136
1 0.000131
7 0.000131
0 0.000113
2 0.000113
5 0.000113
6 0.000115
7 0.000110
4 0.000134
1 0.000110
3 0.000134
2 0.000110
6 0.000111
0 0.000110
5 0.000110
7 0.000133
4 0.000126
3 0.000125
1 0.000133
0 0.000110
6 0.000110
5 0.000110
2 0.000110
1 0.000135
4 0.000138
7 0.000137
3 0.000136
0 0.000110
6 0.000111
2 0.000116
5 0.000111
7 0.000138
3 0.000142
4 0.000139
1 0.000138
6 0.000110
2 0.000108
5 0.000108
0 0.000108
3 0.000132
7 0.000136
4 0.000134
1 0.000132
2 0.000108
0 0.000112
5 0.000108
6 0.000108
7 0.000124
1 0.000119
3 0.000134
4 0.000132
6 0.000108
2 0.000108
5 0.000110
0 0.000109
1 0.000131
4 0.000128
3 0.000130
7 0.000131
0 0.000110
5 0.000109
2 0.000109
6 0.000108
7 0.000138
4 0.000140
3 0.000141
1 0.000138
2 0.000110
6 0.000111
0 0.000109
5 0.000110
4 0.000132
3 0.000136
1 0.000129
7 0.000129
2 0.000103
0 0.000119
6 0.000104
5 0.000104
4 0.000132
1 0.000117
7 0.000114
3 0.000132
2 0.000107
5 0.000115
0 0.000107
6 0.000107
4 0.000128
3 0.000122
1 0.000134
7 0.000134
5 0.000112
0 0.000112
2 0.000112
6 0.000112
4 0.000129
3 0.000130
7 0.000109
1 0.000109
0 0.000107
5 0.000109
6 0.000109
2 0.000110
1 0.000123
7 0.000122
3 0.000131
4 0.000131
6 0.000111
5 0.000103
0 0.000111
2 0.000103
7 0.000132
1 0.000134
4 0.000122
3 0.000123
6 0.000110
0 0.000111
2 0.000110
5 0.000110
7 0.000133
4 0.000121
3 0.000121
1 0.000134
2 0.000107
6 0.000110
0 0.000110
5 0.000107
1 0.000129
3 0.000136
4 0.000133
7 0.000129
2 0.000116
0 0.000116
6 0.000116
5 0.000116
3 0.000144
4 0.000145
7 0.000146
1 0.000145
2 0.000106
0 0.000106
5 0.000112
6 0.000107
4 0.000132
1 0.000132
3 0.000134
7 0.000132
6 0.000110
5 0.000110
0 0.000110
2 0.000110
3 0.000135
4 0.000138
7 0.000138
1 0.000134
5 0.000099
0 0.000102
6 0.000099
2 0.000113
3 0.000131
4 0.000133
7 0.000128
1 0.000128
6 0.000106
0 0.000105
5 0.000103
2 0.000120
4 0.000141
1 0.000120
7 0.000118
3 0.000141
2 0.000110
0 0.000110
5 0.000110
6 0.000110
1 0.000132
3 0.000127
7 0.000133
4 0.000127
2 0.000109
5 0.000110
6 0.000110
0 0.000110
3 0.000137
4 0.000141
7 0.000138
1 0.000136
6 0.000106
2 0.000106
5 0.000106
0 0.000108
1 0.000131
7 0.000132
3 0.000132
4 0.000131
2 0.000102
5 0.000113
6 0.000101
0 0.000102
3 0.000134
4 0.000137
1 0.000133
7 0.000133
0 0.000113
5 0.000100
2 0.000101
6 0.000101
1 0.000122
3 0.000135
7 0.000122
4 0.000134
2 0.000105
0 0.000105
5 0.000105
6 0.000112
3 0.000127
4 0.000132
1 0.000133
7 0.000133
2 0.000109
5 0.000109
0 0.000109
6 0.000114
7 0.000112
1 0.000112
3 0.000133
4 0.000133
5 0.000114
6 0.000108
2 0.000114
0 0.000108
1 0.000132
3 0.000111
7 0.000132
4 0.000111
2 0.000116
6 0.000115
0 0.000115
5 0.000116
4 0.000139
3 0.000139
1 0.000135
7 0.000135
0 0.000112
2 0.000111
6 0.000112
5 0.000111
7 0.000115
3 0.000133
1 0.000115
4 0.000133
6 0.000111
0 0.000111
5 0.000110
2 0.000110
4 0.000127
3 0.000129
7 0.000136
1 0.000135
5 0.000105
2 0.000105
6 0.000105
0 0.000111
7 0.000130
3 0.000134
1 0.000133
4 0.000132
5 0.000102
6 0.000102
0 0.000109
2 0.000102
1 0.000141
7 0.000141
3 0.000141
4 0.000141
5 0.000125
6 0.000125
2 0.000140
0 0.000127
7 0.000141
4 0.000106
1 0.000141
3 0.000138
2 0.000125
5 0.000122
0 0.000121
6 0.000122
7 0.000135
4 0.000123
3 0.000094
1 0.000129
6 0.000107
5 0.000111
2 0.000111
0 0.000107
1 0.000122
7 0.000122
4 0.000132
3 0.000132
6 0.000113
2 0.000113
5 0.000113
0 0.000113
7 0.000131
4 0.000118
1 0.000131
3 0.000118
0 0.000109
6 0.000109
2 0.000108
5 0.000108
4 0.000136
1 0.000134
7 0.000135
3 0.000137
6 0.000114
5 0.000110
2 0.000110
0 0.000112
7 0.000122
1 0.000124
3 0.000118
4 0.000138
2 0.000109
0 0.000109
5 0.000109
6 0.000111
4 0.000117
7 0.000131
1 0.000131
3 0.000117
2 0.000111
0 0.000111
5 0.000111
6 0.000111
3 0.000134
1 0.000129
7 0.000129
4 0.000135
6 0.000116
5 0.000116
0 0.000116
2 0.000116
4 0.000138
7 0.000142
1 0.000139
3 0.000139
0 0.000107
5 0.000107
2 0.000109
6 0.000106
7 0.000134
1 0.000137
4 0.000133
3 0.000133
0 0.000107
6 0.000113
5 0.000107
2 0.000107
7 0.000133
1 0.000134
3 0.000116
4 0.000117
6 0.000110
5 0.000109
2 0.000109
0 0.000109
3 0.000119
4 0.000120
7 0.000131
1 0.000131
6 0.000112
0 0.000112
5 0.000112
2 0.000112
3 0.000138
1 0.000127
4 0.000139
7 0.000128
2 0.000109
0 0.000111
6 0.000111
5 0.000109
3 0.000133
1 0.000118
4 0.000125
7 0.000112
6 0.000105
5 0.000106
2 0.000110
0 0.000105
4 0.000135
3 0.000136
7 0.000137
1 0.000138
6 0.000100
0 0.000115
5 0.000100
2 0.000101
4 0.000133
1 0.000126
3 0.000133
7 0.000123
2 0.000113
0 0.000121
6 0.000098
5 0.000098
7 0.000119
3 0.000133
1 0.000131
4 0.000133
0 0.000127
6 0.000128
2 0.000089
5 0.000123
1 0.000113
3 0.000123
7 0.000126
4 0.000108
2 0.000127
5 0.000129
6 0.000135
0 0.000136
1 0.000114
7 0.000115
4 0.000115
3 0.000114
0 0.000117
6 0.000117
5 0.000133
2 0.000134
1 0.000114
4 0.000108
3 0.000108
7 0.000114
2 0.000117
0 0.000132
6 0.000132
5 0.000117
1 0.000111
7 0.000112
4 0.000112
3 0.000112
5 0.000138
2 0.000138
0 0.000133
6 0.000133
7 0.000115
1 0.000115
4 0.000112
3 0.000112
2 0.000134
6 0.000115
0 0.000115
5 0.000135
1 0.000112
3 0.000102
7 0.000112
4 0.000102
0 0.000131
6 0.000132
5 0.000126
2 0.000126
4 0.000115
1 0.000115
3 0.000116
7 0.000115
0 0.000134
6 0.000135
5 0.000116
2 0.000117
3 0.000111
4 0.000112
1 0.000105
7 0.000106
6 0.000130
5 0.000123
2 0.000123
0 0.000130
3 0.000117
4 0.000117
7 0.000113
1 0.000113
2 0.000130
0 0.000133
5 0.000128
6 0.000131
4 0.000110
7 0.000108
1 0.000108
3 0.000110
0 0.000129
5 0.000135
2 0.000132
6 0.000130
7 0.000106
3 0.000106
4 0.000105
1 0.000116
2 0.000131
0 0.000128
6 0.000112
5 0.000131
7 0.000109
1 0.000110
3 0.000110
4 0.000111
5 0.000127
6 0.000134
0 0.000133
2 0.000127
1 0.000109
3 0.000110
4 0.000109
7 0.000109
6 0.000140
0 0.000142
5 0.000139
2 0.000139
7 0.000123
3 0.000102
4 0.000102
1 0.000102
6 0.000137
2 0.000115
5 0.000113
0 0.000137
3 0.000110
7 0.000115
1 0.000113
4 0.000111
6 0.000124
0 0.000120
2 0.000133
5 0.000131
7 0.000110
4 0.000114
3 0.000114
1 0.000110
5 0.000112
0 0.000128
6 0.000128
2 0.000112
4 0.000110
7 0.000110
1 0.000110
3 0.000110
2 0.000131
6 0.000129
5 0.000132
0 0.000129
1 0.000112
4 0.000113
3 0.000130
7 0.000112
5 0.000133
2 0.000133
0 0.000120
6 0.000108
1 0.000107
7 0.000107
4 0.000104
3 0.000104
2 0.000093
5 0.000093
2 0.000108
3 0.000129
7 0.000094
0 0.000128
4 0.000127
6 0.000117
1 0.000113
5 0.000107
3 0.000113
2 0.000136
4 0.000163
7 0.000150
0 0.000150
1 0.000154
6 0.000154
5 0.000168
3 0.000135
2 0.000152
1 0.000123
6 0.000125
4 0.000180
0 0.000175
7 0.000174
5 0.000161
3 0.000115
1 0.000131
6 0.000131
2 0.000154
4 0.000158
5 0.000124
0 0.000157
7 0.000154
3 0.000127
1 0.000118
6 0.000119
5 0.000146
2 0.000156
4 0.000187
0 0.000106
7 0.000109
3 0.000124
1 0.000115
6 0.000115
2 0.000133
5 0.000133
4 0.000160
3 0.000114
7 0.000148
6 0.000147
1 0.000147
0 0.000147
5 0.000146
2 0.000146
4 0.000184
3 0.000118
6 0.000099
1 0.000099
4 0.000116
5 0.000145
7 0.000149
0 0.000149
2 0.000145
6 0.000115
1 0.000115
3 0.000115
4 0.000115
5 0.000138
7 0.000130
0 0.000130
2 0.000130
4 0.000104
3 0.000104
1 0.000108
6 0.000108
2 0.000139
7 0.000142
0 0.000141
5 0.000139
3 0.000113
1 0.000111
4 0.000111
6 0.000111
5 0.000146
2 0.000146
0 0.000156
7 0.000156
4 0.000119
1 0.000108
6 0.000122
3 0.000116
5 0.000133
7 0.000117
2 0.000133
0 0.000142
6 0.000115
1 0.000115
4 0.000115
3 0.000116
2 0.000145
5 0.000145
7 0.000135
0 0.000135
1 0.000113
6 0.000108
3 0.000108
4 0.000108
2 0.000143
0 0.000135
7 0.000133
5 0.000144
6 0.000109
4 0.000112
1 0.000109
3 0.000108
2 0.000146
7 0.000147
0 0.000146
5 0.000137
1 0.000110
3 0.000126
4 0.000114
6 0.000120
2 0.000139
5 0.000106
7 0.000130
0 0.000125
6 0.000119
4 0.000120
1 0.000119
3 0.000119
5 0.000135
0 0.000117
7 0.000118
2 0.000135
3 0.000110
1 0.000111
6 0.000111
4 0.000110
2 0.000131
5 0.000131
7 0.000136
0 0.000136
4 0.000112
3 0.000112
1 0.000113
6 0.000113
0 0.000128
7 0.000130
5 0.000140
2 0.000140
1 0.000117
3 0.000119
6 0.000117
4 0.000119
7 0.000142
5 0.000131
0 0.000142
2 0.000133
6 0.000115
3 0.000113
1 0.000113
4 0.000113
2 0.000120
7 0.000145
5 0.000143
0 0.000131
1 0.000111
6 0.000111
3 0.000112
4 0.000112
2 0.000143
7 0.000137
0 0.000135
5 0.000144
6 0.000110
4 0.000110
1 0.000108
3 0.000109
7 0.000137
5 0.000143
0 0.000141
2 0.000141
4 0.000117
1 0.000117
6 0.000117
3 0.000118
0 0.000139
7 0.000131
5 0.000138
2 0.000142
1 0.000111
6 0.000111
4 0.000111
3 0.000111
5 0.000126
2 0.000131
0 0.000142
7 0.000137
6 0.000109
1 0.000109
3 0.000110
4 0.000110
2 0.000140
7 0.000138
0 0.000139
5 0.000140
3 0.000108
1 0.000107
4 0.000110
6 0.000107
2 0.000130
5 0.000133
0 0.000136
7 0.000136
1 0.000117
3 0.000117
6 0.000118
4 0.000131
0 0.000130
5 0.000148
2 0.000148
7 0.000131
1 0.000110
3 0.000105
6 0.000109
4 0.000105
5 0.000130
0 0.000137
7 0.000138
2 0.000130
3 0.000108
6 0.000110
1 0.000108
4 0.000110
0 0.000138
2 0.000141
7 0.000141
5 0.000139
4 0.000103
6 0.000096
3 0.000095
1 0.000112
5 0.000142
0 0.000146
2 0.000143
7 0.000143
1 0.000125
3 0.000102
4 0.000103
6 0.000100
5 0.000147
2 0.000147
7 0.000133
0 0.000137
4 0.000110
3 0.000110
1 0.000113
6 0.000119
2 0.000141
5 0.000141
0 0.000123
7 0.000124
3 0.000101
6 0.000122
4 0.000100
1 0.000100
2 0.000143
7 0.000120
0 0.000122
5 0.000143
6 0.000098
4 0.000113
1 0.000104
3 0.000100
0 0.000138
5 0.000136
7 0.000142
2 0.000133
1 0.000101
4 0.000094
6 0.000094
3 0.000115
7 0.000144
2 0.000147
5 0.000142
0 0.000144
3 0.000110
4 0.000103
1 0.000113
6 0.000114
2 0.000137
5 0.000137
7 0.000133
0 0.000124
3 0.000097
6 0.000100
4 0.000118
1 0.000099
0 0.000128
7 0.000132
5 0.000139
2 0.000140
1 0.000123
3 0.000104
6 0.000102
4 0.000128
5 0.000114
7 0.000147
2 0.000125
0 0.000148
6 0.000109
4 0.000115
1 0.000109
3 0.000109
5 0.000137
0 0.000113
7 0.000120
2 0.000130
6 0.000116
4 0.000116
3 0.000116
1 0.000116
5 0.000132
2 0.000134
7 0.000137
0 0.000137
6 0.000099
1 0.000111
4 0.000109
3 0.000109
0 0.000133
7 0.000136
5 0.000136
2 0.000136
3 0.000120
6 0.000096
1 0.000096
4 0.000099
2 0.000118
5 0.000120
7 0.000145
0 0.000144
1 0.000121
3 0.000093
6 0.000100
4 0.000114
5 0.000137
0 0.000113
7 0.000112
2 0.000138
6 0.000122
3 0.000122
1 0.000122
4 0.000122
2 0.000130
5 0.000132
0 0.000142
7 0.000137
6 0.000115
4 0.000114
3 0.000114
1 0.000115
7 0.000107
2 0.000131
0 0.000107
5 0.000130
4 0.000111
3 0.000112
6 0.000111
1 0.000111
0 0.000135
2 0.000127
7 0.000136
5 0.000126
6 0.000106
4 0.000115
1 0.000106
3 0.000115
2 0.000139
5 0.000110
0 0.000131
7 0.000113
6 0.000114
1 0.000114
4 0.000114
3 0.000114
5 0.000143
2 0.000143
7 0.000124
0 0.000124
6 0.000112
1 0.000112
3 0.000103
4 0.000103
2 0.000136
7 0.000123
0 0.000122
5 0.000137
4 0.000103
3 0.000103
6 0.000109
1 0.000109
0 0.000135
5 0.000138
7 0.000135
2 0.000137
6 0.000109
4 0.000108
3 0.000109
1 0.000109
0 0.000133
5 0.000136
7 0.000133
2 0.000131
6 0.000108
3 0.000108
4 0.000108
1 0.000109
2 0.000133
7 0.000136
0 0.000133
5 0.000135
6 0.000113
4 0.000113
3 0.000114
1 0.000115
2 0.000130
7 0.000136
5 0.000129
0 0.000136
1 0.000102
6 0.000103
4 0.000103
3 0.000112
0 0.000134
7 0.000136
5 0.000138
2 0.000138
6 0.000102
1 0.000102
4 0.000103
3 0.000118
0 0.000134
7 0.000136
2 0.000112
5 0.000112
4 0.000110
3 0.000110
1 0.000110
6 0.000109
5 0.000120
2 0.000121
0 0.000133
7 0.000134
3 0.000115
4 0.000116
6 0.000113
1 0.000113
2 0.000142
0 0.000132
7 0.000131
5 0.000144
4 0.000110
3 0.000109
1 0.000107
6 0.000107
0 0.000135
2 0.000136
5 0.000138
7 0.000135
1 0.000106
4 0.000106
3 0.000106
6 0.000110
5 0.000132
2 0.000132
0 0.000128
7 0.000130
4 0.000111
3 0.000112
1 0.000111
6 0.000112
2 0.000134
5 0.000134
0 0.000122
7 0.000123
3 0.000110
4 0.000111
6 0.000109
1 0.000109
0 0.000125
5 0.000137
7 0.000125
2 0.000136
3 0.000116
4 0.000116
1 0.000106
6 0.000106
0 0.000132
5 0.000107
2 0.000093
7 0.000124
3 0.000102
6 0.000109
4 0.000117
1 0.000105
2 0.000115
0 0.000134
7 0.000124
5 0.000115
1 0.000109
3 0.000109
6 0.000109
4 0.000109
0 0.000126
5 0.000136
2 0.000133
7 0.000127
3 0.000108
4 0.000109
1 0.000108
6 0.000109
2 0.000136
0 0.000137
7 0.000137
5 0.000138
4 0.000112
1 0.000115
6 0.000116
3 0.000115
0 0.000135
7 0.000135
5 0.000135
2 0.000137
6 0.000122
4 0.000099
1 0.000098
3 0.000114
7 0.000136
2 0.000115
5 0.000111
0 0.000137
1 0.000112
3 0.000111
4 0.000111
6 0.000109
0 0.000128
7 0.000129
5 0.000135
2 0.000136
1 0.000112
4 0.000113
3 0.000112
6 0.000112
2 0.000118
0 0.000133
7 0.000133
5 0.000118
4 0.000114
6 0.000115
1 0.000115
3 0.000115
0 0.000141
7 0.000143
5 0.000141
2 0.000141
3 0.000112
4 0.000109
1 0.000109
6 0.000109
7 0.000134
5 0.000125
2 0.000123
0 0.000134
4 0.000108
6 0.000110
3 0.000108
1 0.000107
5 0.000132
2 0.000136
7 0.000135
0 0.000134
3 0.000108
6 0.000108
4 0.000108
1 0.000115
2 0.000133
5 0.000134
0 0.000115
7 0.000116
6 0.000110
4 0.000111
1 0.000111
3 0.000110
2 0.000137
0 0.000132
5 0.000137
7 0.000132
4 0.000109
1 0.000111
3 0.000109
6 0.000109
0 0.000129
5 0.000135
2 0.000134
7 0.000130
3 0.000110
1 0.000110
4 0.000109
6 0.000110
2 0.000135
5 0.000137
0 0.000134
7 0.000134
1 0.000109
6 0.000112
4 0.000109
3 0.000106
5 0.000132
7 0.000116
0 0.000114
2 0.000132
1 0.000108
6 0.000109
3 0.000108
4 0.000108
2 0.000136
7 0.000137
0 0.000137
5 0.000137
4 0.000117
6 0.000113
3 0.000118
1 0.000112
0 0.000135
5 0.000136
7 0.000138
2 0.000134
3 0.000118
6 0.000093
1 0.000109
4 0.000091
5 0.000130
2 0.000133
7 0.000137
0 0.000137
4 0.000125
1 0.000132
6 0.000129
3 0.000119
5 0.000148
7 0.000126
2 0.000124
0 0.000147
4 0.000146
6 0.000133
1 0.000099
3 0.000148
7 0.000127
5 0.000135
0 0.000124
2 0.000135
1 0.000101
4 0.000141
3 0.000115
6 0.000160
0 0.000118
5 0.000114
7 0.000114
2 0.000136
4 0.000119
3 0.000119
6 0.000080
1 0.000135
5 0.000121
7 0.000121
0 0.000121
3 0.000103
6 0.000124
2 0.000121
4 0.000104
1 0.000113
4 0.000105
3 0.000110
5 0.000130
1 0.000125
7 0.000133
2 0.000130
6 0.000125
0 0.000132
4 0.000115
6 0.000081
1 0.000094
3 0.000115
2 0.000142
5 0.000143
0 0.000129
7 0.000130
6 0.000111
4 0.000109
1 0.000111
3 0.000109
0 0.000120
5 0.000132
2 0.000132
7 0.000122
6 0.000117
3 0.000115
1 0.000118
4 0.000116
2 0.000114
7 0.000115
0 0.000138
5 0.000114
6 0.000113
1 0.000113
3 0.000112
4 0.000112
7 0.000125
0 0.000125
2 0.000137
5 0.000131
6 0.000110
3 0.000105
4 0.000105
1 0.000110
0 0.000133
7 0.000134
2 0.000120
5 0.000119
6 0.000116
4 0.000116
3 0.000116
1 0.000116
0 0.000135
7 0.000136
2 0.000135
5 0.000136
4 0.000111
3 0.000111
6 0.000111
1 0.000111
2 0.000119
0 0.000132
7 0.000132
5 0.000120
6 0.000111
3 0.000115
1 0.000111
4 0.000115
0 0.000123
7 0.000110
2 0.000137
5 0.000103
3 0.000111
6 0.000111
4 0.000111
1 0.000111
7 0.000535
0 0.000535
5 0.000527
2 0.000527
3 0.000114
1 0.000110
6 0.000110
4 0.000117
0 0.000134
5 0.000108
7 0.000135
2 0.000108
3 0.000112
6 0.000104
1 0.000104
4 0.000108
2 0.000133
5 0.000133
0 0.000125
7 0.000125
4 0.000110
3 0.000110
6 0.000111
1 0.000111
5 0.000133
2 0.000133
7 0.000126
0 0.000126
3 0.000116
6 0.000112
4 0.000116
1 0.000112
5 0.000140
0 0.000130
2 0.000140
7 0.000130
3 0.000110
6 0.000110
1 0.000111
4 0.000110
7 0.000134
5 0.000135
0 0.000134
2 0.000133
4 0.000106
3 0.000104
6 0.000105
1 0.000115
5 0.000138
0 0.000140
7 0.000138
2 0.000126
1 0.000120
6 0.000101
3 0.000112
4 0.000112
0 0.000145
2 0.000139
5 0.000149
7 0.000149
3 0.000135
4 0.000128
1 0.000124
6 0.000131
0 0.000128
7 0.000131
5 0.000127
2 0.000128
4 0.000132
6 0.000100
3 0.000132
1 0.000101
5 0.000113
2 0.000114
0 0.000119
7 0.000119
1 0.000130
6 0.000130
4 0.000119
3 0.000118
0 0.000106
7 0.000106
5 0.000113
2 0.000113
6 0.000125
4 0.000120
1 0.000125
3 0.000120
2 0.000106
5 0.000106
7 0.000114
0 0.000113
4 0.000124
1 0.000128
3 0.000124
6 0.000128
0 0.000111
2 0.000116
5 0.000116
7 0.000111
3 0.000138
1 0.000137
6 0.000137
4 0.000138
2 0.000102
7 0.000105
0 0.000111
5 0.000102
1 0.000128
6 0.000128
3 0.000126
4 0.000126
2 0.000112
5 0.000112
7 0.000113
0 0.000112
6 0.000131
3 0.000121
1 0.000132
4 0.000121
5 0.000109
2 0.000109
0 0.000105
7 0.000105
1 0.000134
6 0.000134
3 0.000132
4 0.000132
5 0.000106
2 0.000116
0 0.000103
7 0.000104
1 0.000133
6 0.000136
4 0.000123
3 0.000120
5 0.000104
0 0.000105
7 0.000111
2 0.000105
3 0.000131
6 0.000132
1 0.000130
4 0.000131
5 0.000111
2 0.000112
7 0.000111
0 0.000110
4 0.000128
3 0.000132
1 0.000133
6 0.000133
7 0.000114
0 0.000113
5 0.000113
2 0.000114
6 0.000124
1 0.000125
3 0.000134
4 0.000136
2 0.000115
0 0.000115
7 0.000114
5 0.000114
4 0.000121
3 0.000121
1 0.000133
6 0.000133
5 0.000124
7 0.000125
2 0.000125
0 0.000125
1 0.000114
3 0.000128
4 0.000131
6 0.000112
7 0.000113
0 0.000112
2 0.000112
5 0.000112
3 0.000128
6 0.000134
1 0.000136
4 0.000128
2 0.000097
0 0.000112
7 0.000113
5 0.000097
3 0.000133
1 0.000126
4 0.000133
6 0.000126
0 0.000110
7 0.000110
2 0.000110
5 0.000110
1 0.000135
6 0.000139
4 0.000135
3 0.000135
7 0.000109
2 0.000109
0 0.000109
5 0.000119
4 0.000126
1 0.000142
6 0.000142
3 0.000127
2 0.000120
0 0.000120
7 0.000120
5 0.000121
3 0.000113
6 0.000113
4 0.000139
1 0.000113
2 0.000112
7 0.000113
0 0.000113
5 0.000112
3 0.000119
4 0.000119
1 0.000128
6 0.000129
5 0.000115
2 0.000115
7 0.000117
0 0.000117
3 0.000126
4 0.000127
6 0.000111
1 0.000111
2 0.000118
0 0.000112
5 0.000118
7 0.000112
1 0.000112
6 0.000112
3 0.000123
4 0.000123
4 0.000095
1 0.000110
2 0.000127
5 0.000125
6 0.000110
3 0.000106
0 0.000125
7 0.000124
4 0.000117
1 0.000109
6 0.000119
3 0.000127
5 0.000148
0 0.000136
7 0.000136
2 0.000149
3 0.000110
1 0.000103
4 0.000109
6 0.000103
5 0.000130
7 0.000135
2 0.000134
0 0.000135
6 0.000112
1 0.000101
3 0.000098
4 0.000101
0 0.000134
7 0.000136
2 0.000138
5 0.000135
3 0.000104
6 0.000104
4 0.000121
1 0.000106
5 0.000134
7 0.000138
2 0.000136
0 0.000167
6 0.000094
3 0.000093
4 0.000094
